



********0*********
person 0 error 3705362.469604573
	values[ 0.00000000e+00  1.24031745e-01 -6.21194106e+00  4.93390314e-02
  3.81084816e-02  8.13236610e-05 -6.01876916e-05 -1.25158557e-07
  3.48409638e-08  4.16149250e-11 -6.73242018e-12]


person 1 error 3705362.469604573
	values[ 0.00000000e+00  1.24031745e-01 -6.21194106e+00  4.93390314e-02
  3.81084816e-02  8.13236610e-05 -6.01876916e-05 -1.25158557e-07
  3.48409638e-08  4.16149250e-11 -6.73242018e-12]


person 2 error 3705362.469604573
	values[ 0.00000000e+00  1.24031745e-01 -6.21194106e+00  4.93390314e-02
  3.81084816e-02  8.13236610e-05 -6.01876916e-05 -1.25158557e-07
  3.48409638e-08  4.16149250e-11 -6.73242018e-12]


person 3 error 3705362.469604573
	values[ 0.00000000e+00  1.24031745e-01 -6.21194106e+00  4.93390314e-02
  3.81084816e-02  8.13236610e-05 -6.01876916e-05 -1.25158557e-07
  3.48409638e-08  4.16149250e-11 -6.73242018e-12]


person 4 error 3705362.469604573
	values[ 0.00000000e+00  1.24031745e-01 -6.21194106e+00  4.93390314e-02
  3.81084816e-02  8.13236610e-05 -6.01876916e-05 -1.25158557e-07
  3.48409638e-08  4.16149250e-11 -6.73242018e-12]


person 5 error 3705362.469604573
	values[ 0.00000000e+00  1.24031745e-01 -6.21194106e+00  4.93390314e-02
  3.81084816e-02  8.13236610e-05 -6.01876916e-05 -1.25158557e-07
  3.48409638e-08  4.16149250e-11 -6.73242018e-12]


person 6 error 3705362.469604573
	values[ 0.00000000e+00  1.24031745e-01 -6.21194106e+00  4.93390314e-02
  3.81084816e-02  8.13236610e-05 -6.01876916e-05 -1.25158557e-07
  3.48409638e-08  4.16149250e-11 -6.73242018e-12]


person 7 error 3705362.469604573
	values[ 0.00000000e+00  1.24031745e-01 -6.21194106e+00  4.93390314e-02
  3.81084816e-02  8.13236610e-05 -6.01876916e-05 -1.25158557e-07
  3.48409638e-08  4.16149250e-11 -6.73242018e-12]


person 8 error 3705362.469604573
	values[ 0.00000000e+00  1.24031745e-01 -6.21194106e+00  4.93390314e-02
  3.81084816e-02  8.13236610e-05 -6.01876916e-05 -1.25158557e-07
  3.48409638e-08  4.16149250e-11 -6.73242018e-12]


person 9 error 3705362.469604573
	values[ 0.00000000e+00  1.24031745e-01 -6.21194106e+00  4.93390314e-02
  3.81084816e-02  8.13236610e-05 -6.01876916e-05 -1.25158557e-07
  3.48409638e-08  4.16149250e-11 -6.73242018e-12]


person 10 error 3714071.8816572283
	values[-8.17776911e+00  1.24031745e-01 -6.21194106e+00  4.93390314e-02
  3.81084816e-02  8.13236610e-05 -6.01876916e-05 -1.25158557e-07
  3.48409638e-08  4.16149250e-11 -6.73242018e-12]


person 11 error 28504634114.38942
	values[ 0.00000000e+00  1.24031745e-01 -6.21194106e+00 -1.96349428e+00
  3.81084816e-02  8.13236610e-05 -6.01876916e-05 -1.25158557e-07
  3.48409638e-08  4.16149250e-11 -6.73242018e-12]


person 12 error 611336289072.0347
	values[ 0.00000000e+00  1.24031745e-01 -6.21194106e+00  9.33957052e+00
  3.81084816e-02  8.13236610e-05 -6.01876916e-05 -1.25158557e-07
  3.48409638e-08  4.16149250e-11 -6.73242018e-12]


person 13 error 1297749368914032.2
	values[ 0.00000000e+00  1.24031745e-01 -6.21194106e+00  4.93390314e-02
  9.53908059e+00  8.13236610e-05 -6.01876916e-05 -1.25158557e-07
  3.48409638e-08  4.16149250e-11 -6.73242018e-12]


person 14 error 3.305714200871099e+17
	values[ 0.00000000e+00  1.24031745e-01 -6.21194106e+00  4.93390314e-02
  3.81084816e-02 -3.32614168e+00 -6.01876916e-05 -1.25158557e-07
  3.48409638e-08  4.16149250e-11 -6.73242018e-12]


person 15 error 9.215010513145556e+17
	values[ 0.00000000e+00  1.24031745e-01 -6.21194106e+00  4.93390314e-02
  3.81084816e-02  5.55356988e+00 -6.01876916e-05 -1.25158557e-07
  3.48409638e-08  4.16149250e-11 -6.73242018e-12]


person 16 error 1.2241375911182555e+23
	values[ 0.00000000e+00  1.24031745e-01 -6.21194106e+00  4.93390314e-02
  3.81084816e-02  8.13236610e-05 -6.01876916e-05  9.55343934e-01
  3.48409638e-08  4.16149250e-11 -6.73242018e-12]


person 17 error 2.080304315614054e+24
	values[ 0.00000000e+00  1.24031745e-01 -6.21194106e+00  4.93390314e-02
  3.81084816e-02  8.13236610e-05 -6.01876916e-05 -3.93829405e+00
  3.48409638e-08  4.16149250e-11 -6.73242018e-12]


person 18 error 1.3263282391079766e+25
	values[ 0.00000000e+00  1.24031745e-01 -6.21194106e+00  4.93390314e-02
  3.81084816e-02  8.13236610e-05 -6.01876916e-05  9.94420786e+00
  3.48409638e-08  4.16149250e-11 -6.73242018e-12]


person 19 error 8.494049240218019e+34
	values[ 0.00000000e+00  1.24031745e-01 -6.21194106e+00  4.93390314e-02
  3.81084816e-02  8.13236610e-05 -6.01876916e-05 -1.25158557e-07
  3.48409638e-08  4.16149250e-11 -7.93086320e+00]






********1*********
person 0 error 3705362.469604573
	values[ 0.00000000e+00  1.24031745e-01 -6.21194106e+00  4.93390314e-02
  3.81084816e-02  8.13236610e-05 -6.01876916e-05 -1.25158557e-07
  3.48409638e-08  4.16149250e-11 -6.73242018e-12]


person 1 error 3705362.469604573
	values[ 0.00000000e+00  1.24031745e-01 -6.21194106e+00  4.93390314e-02
  3.81084816e-02  8.13236610e-05 -6.01876916e-05 -1.25158557e-07
  3.48409638e-08  4.16149250e-11 -6.73242018e-12]


person 2 error 3705362.469604573
	values[ 0.00000000e+00  1.24031745e-01 -6.21194106e+00  4.93390314e-02
  3.81084816e-02  8.13236610e-05 -6.01876916e-05 -1.25158557e-07
  3.48409638e-08  4.16149250e-11 -6.73242018e-12]


person 3 error 3705362.469604573
	values[ 0.00000000e+00  1.24031745e-01 -6.21194106e+00  4.93390314e-02
  3.81084816e-02  8.13236610e-05 -6.01876916e-05 -1.25158557e-07
  3.48409638e-08  4.16149250e-11 -6.73242018e-12]


person 4 error 3705362.469604573
	values[ 0.00000000e+00  1.24031745e-01 -6.21194106e+00  4.93390314e-02
  3.81084816e-02  8.13236610e-05 -6.01876916e-05 -1.25158557e-07
  3.48409638e-08  4.16149250e-11 -6.73242018e-12]


person 5 error 3705362.469604573
	values[ 0.00000000e+00  1.24031745e-01 -6.21194106e+00  4.93390314e-02
  3.81084816e-02  8.13236610e-05 -6.01876916e-05 -1.25158557e-07
  3.48409638e-08  4.16149250e-11 -6.73242018e-12]


person 6 error 3705362.469604573
	values[ 0.00000000e+00  1.24031745e-01 -6.21194106e+00  4.93390314e-02
  3.81084816e-02  8.13236610e-05 -6.01876916e-05 -1.25158557e-07
  3.48409638e-08  4.16149250e-11 -6.73242018e-12]


person 7 error 3705362.469604573
	values[ 0.00000000e+00  1.24031745e-01 -6.21194106e+00  4.93390314e-02
  3.81084816e-02  8.13236610e-05 -6.01876916e-05 -1.25158557e-07
  3.48409638e-08  4.16149250e-11 -6.73242018e-12]


person 8 error 3705362.469604573
	values[ 0.00000000e+00  1.24031745e-01 -6.21194106e+00  4.93390314e-02
  3.81084816e-02  8.13236610e-05 -6.01876916e-05 -1.25158557e-07
  3.48409638e-08  4.16149250e-11 -6.73242018e-12]


person 9 error 3705362.469604573
	values[ 0.00000000e+00  1.24031745e-01 -6.21194106e+00  4.93390314e-02
  3.81084816e-02  8.13236610e-05 -6.01876916e-05 -1.25158557e-07
  3.48409638e-08  4.16149250e-11 -6.73242018e-12]


person 10 error 3714071.8816572283
	values[-8.17776911e+00  1.24031745e-01 -6.21194106e+00  4.93390314e-02
  3.81084816e-02  8.13236610e-05 -6.01876916e-05 -1.25158557e-07
  3.48409638e-08  4.16149250e-11 -6.73242018e-12]


person 11 error 28504634114.38942
	values[ 0.00000000e+00  1.24031745e-01 -6.21194106e+00 -1.96349428e+00
  3.81084816e-02  8.13236610e-05 -6.01876916e-05 -1.25158557e-07
  3.48409638e-08  4.16149250e-11 -6.73242018e-12]


person 12 error 611336289072.0347
	values[ 0.00000000e+00  1.24031745e-01 -6.21194106e+00  9.33957052e+00
  3.81084816e-02  8.13236610e-05 -6.01876916e-05 -1.25158557e-07
  3.48409638e-08  4.16149250e-11 -6.73242018e-12]


person 13 error 1297749368914032.2
	values[ 0.00000000e+00  1.24031745e-01 -6.21194106e+00  4.93390314e-02
  9.53908059e+00  8.13236610e-05 -6.01876916e-05 -1.25158557e-07
  3.48409638e-08  4.16149250e-11 -6.73242018e-12]


person 14 error 3.305714200871099e+17
	values[ 0.00000000e+00  1.24031745e-01 -6.21194106e+00  4.93390314e-02
  3.81084816e-02 -3.32614168e+00 -6.01876916e-05 -1.25158557e-07
  3.48409638e-08  4.16149250e-11 -6.73242018e-12]


person 15 error 9.215010513145556e+17
	values[ 0.00000000e+00  1.24031745e-01 -6.21194106e+00  4.93390314e-02
  3.81084816e-02  5.55356988e+00 -6.01876916e-05 -1.25158557e-07
  3.48409638e-08  4.16149250e-11 -6.73242018e-12]


person 16 error 1.2241375911182555e+23
	values[ 0.00000000e+00  1.24031745e-01 -6.21194106e+00  4.93390314e-02
  3.81084816e-02  8.13236610e-05 -6.01876916e-05  9.55343934e-01
  3.48409638e-08  4.16149250e-11 -6.73242018e-12]


person 17 error 2.080304315614054e+24
	values[ 0.00000000e+00  1.24031745e-01 -6.21194106e+00  4.93390314e-02
  3.81084816e-02  8.13236610e-05 -6.01876916e-05 -3.93829405e+00
  3.48409638e-08  4.16149250e-11 -6.73242018e-12]


person 18 error 3.241151351633831e+31
	values[ 1.08874552e+00  4.74523098e+00 -6.21194106e+00  4.93390314e-02
  4.46269332e+00  2.82530204e+00 -6.01876916e-05 -1.25158557e-07
  3.48409638e-08 -7.21911257e+00 -6.73242018e-12]


person 19 error 9.96974983296913e+34
	values[-4.02969882  4.86927184 -7.79640351  8.264127   -9.14066318  0.84161905
 -3.84024585  2.07575322 -1.94301496 -5.80337997 -8.57736475]






********2*********
person 0 error 3705362.469604573
	values[ 0.00000000e+00  1.24031745e-01 -6.21194106e+00  4.93390314e-02
  3.81084816e-02  8.13236610e-05 -6.01876916e-05 -1.25158557e-07
  3.48409638e-08  4.16149250e-11 -6.73242018e-12]


person 1 error 3705362.469604573
	values[ 0.00000000e+00  1.24031745e-01 -6.21194106e+00  4.93390314e-02
  3.81084816e-02  8.13236610e-05 -6.01876916e-05 -1.25158557e-07
  3.48409638e-08  4.16149250e-11 -6.73242018e-12]


person 2 error 3705362.469604573
	values[ 0.00000000e+00  1.24031745e-01 -6.21194106e+00  4.93390314e-02
  3.81084816e-02  8.13236610e-05 -6.01876916e-05 -1.25158557e-07
  3.48409638e-08  4.16149250e-11 -6.73242018e-12]


person 3 error 3705362.469604573
	values[ 0.00000000e+00  1.24031745e-01 -6.21194106e+00  4.93390314e-02
  3.81084816e-02  8.13236610e-05 -6.01876916e-05 -1.25158557e-07
  3.48409638e-08  4.16149250e-11 -6.73242018e-12]


person 4 error 3705362.469604573
	values[ 0.00000000e+00  1.24031745e-01 -6.21194106e+00  4.93390314e-02
  3.81084816e-02  8.13236610e-05 -6.01876916e-05 -1.25158557e-07
  3.48409638e-08  4.16149250e-11 -6.73242018e-12]


person 5 error 3705362.469604573
	values[ 0.00000000e+00  1.24031745e-01 -6.21194106e+00  4.93390314e-02
  3.81084816e-02  8.13236610e-05 -6.01876916e-05 -1.25158557e-07
  3.48409638e-08  4.16149250e-11 -6.73242018e-12]


person 6 error 3705362.469604573
	values[ 0.00000000e+00  1.24031745e-01 -6.21194106e+00  4.93390314e-02
  3.81084816e-02  8.13236610e-05 -6.01876916e-05 -1.25158557e-07
  3.48409638e-08  4.16149250e-11 -6.73242018e-12]


person 7 error 3705362.469604573
	values[ 0.00000000e+00  1.24031745e-01 -6.21194106e+00  4.93390314e-02
  3.81084816e-02  8.13236610e-05 -6.01876916e-05 -1.25158557e-07
  3.48409638e-08  4.16149250e-11 -6.73242018e-12]


person 8 error 3705362.469604573
	values[ 0.00000000e+00  1.24031745e-01 -6.21194106e+00  4.93390314e-02
  3.81084816e-02  8.13236610e-05 -6.01876916e-05 -1.25158557e-07
  3.48409638e-08  4.16149250e-11 -6.73242018e-12]


person 9 error 3705362.469604573
	values[ 0.00000000e+00  1.24031745e-01 -6.21194106e+00  4.93390314e-02
  3.81084816e-02  8.13236610e-05 -6.01876916e-05 -1.25158557e-07
  3.48409638e-08  4.16149250e-11 -6.73242018e-12]


person 10 error 3714071.8816572283
	values[-8.17776911e+00  1.24031745e-01 -6.21194106e+00  4.93390314e-02
  3.81084816e-02  8.13236610e-05 -6.01876916e-05 -1.25158557e-07
  3.48409638e-08  4.16149250e-11 -6.73242018e-12]


person 11 error 28504634114.38942
	values[ 0.00000000e+00  1.24031745e-01 -6.21194106e+00 -1.96349428e+00
  3.81084816e-02  8.13236610e-05 -6.01876916e-05 -1.25158557e-07
  3.48409638e-08  4.16149250e-11 -6.73242018e-12]


person 12 error 611336289072.0347
	values[ 0.00000000e+00  1.24031745e-01 -6.21194106e+00  9.33957052e+00
  3.81084816e-02  8.13236610e-05 -6.01876916e-05 -1.25158557e-07
  3.48409638e-08  4.16149250e-11 -6.73242018e-12]


person 13 error 1297749368914032.2
	values[ 0.00000000e+00  1.24031745e-01 -6.21194106e+00  4.93390314e-02
  9.53908059e+00  8.13236610e-05 -6.01876916e-05 -1.25158557e-07
  3.48409638e-08  4.16149250e-11 -6.73242018e-12]


person 14 error 3.305714200871099e+17
	values[ 0.00000000e+00  1.24031745e-01 -6.21194106e+00  4.93390314e-02
  3.81084816e-02 -3.32614168e+00 -6.01876916e-05 -1.25158557e-07
  3.48409638e-08  4.16149250e-11 -6.73242018e-12]


person 15 error 9.215010513145556e+17
	values[ 0.00000000e+00  1.24031745e-01 -6.21194106e+00  4.93390314e-02
  3.81084816e-02  5.55356988e+00 -6.01876916e-05 -1.25158557e-07
  3.48409638e-08  4.16149250e-11 -6.73242018e-12]


person 16 error 2.080304315614054e+24
	values[ 0.00000000e+00  1.24031745e-01 -6.21194106e+00  4.93390314e-02
  3.81084816e-02  8.13236610e-05 -6.01876916e-05 -3.93829405e+00
  3.48409638e-08  4.16149250e-11 -6.73242018e-12]


person 17 error 2.0964961601117873e+31
	values[ 3.06909585e+00  1.24031745e-01 -3.65935424e+00  1.97820018e+00
  2.90377280e+00 -5.50833796e+00 -6.01876916e-05 -1.25158557e-07
  2.41670102e+00  5.79916646e+00 -6.73242018e-12]


person 18 error 7.746756565363542e+32
	values[-5.85099326 -8.65148238  0.09543786  0.04933903 -5.61310729  4.0006291
 -7.33847747 -9.91292752 -6.16858571 -5.15799461  0.7637974 ]


person 19 error 4.079319879212396e+33
	values[ 6.35154382e+00  6.85503099e+00  3.54216866e+00  4.93390314e-02
  3.81084816e-02 -1.58378526e+00 -7.19878978e+00 -3.58024976e+00
  3.48409638e-08 -7.17727525e-01 -1.73633894e+00]






********3*********
person 0 error 3705362.469604573
	values[ 0.00000000e+00  1.24031745e-01 -6.21194106e+00  4.93390314e-02
  3.81084816e-02  8.13236610e-05 -6.01876916e-05 -1.25158557e-07
  3.48409638e-08  4.16149250e-11 -6.73242018e-12]


person 1 error 3705362.469604573
	values[ 0.00000000e+00  1.24031745e-01 -6.21194106e+00  4.93390314e-02
  3.81084816e-02  8.13236610e-05 -6.01876916e-05 -1.25158557e-07
  3.48409638e-08  4.16149250e-11 -6.73242018e-12]


person 2 error 3705362.469604573
	values[ 0.00000000e+00  1.24031745e-01 -6.21194106e+00  4.93390314e-02
  3.81084816e-02  8.13236610e-05 -6.01876916e-05 -1.25158557e-07
  3.48409638e-08  4.16149250e-11 -6.73242018e-12]


person 3 error 3705362.469604573
	values[ 0.00000000e+00  1.24031745e-01 -6.21194106e+00  4.93390314e-02
  3.81084816e-02  8.13236610e-05 -6.01876916e-05 -1.25158557e-07
  3.48409638e-08  4.16149250e-11 -6.73242018e-12]


person 4 error 3705362.469604573
	values[ 0.00000000e+00  1.24031745e-01 -6.21194106e+00  4.93390314e-02
  3.81084816e-02  8.13236610e-05 -6.01876916e-05 -1.25158557e-07
  3.48409638e-08  4.16149250e-11 -6.73242018e-12]


person 5 error 3705362.469604573
	values[ 0.00000000e+00  1.24031745e-01 -6.21194106e+00  4.93390314e-02
  3.81084816e-02  8.13236610e-05 -6.01876916e-05 -1.25158557e-07
  3.48409638e-08  4.16149250e-11 -6.73242018e-12]


person 6 error 3705362.469604573
	values[ 0.00000000e+00  1.24031745e-01 -6.21194106e+00  4.93390314e-02
  3.81084816e-02  8.13236610e-05 -6.01876916e-05 -1.25158557e-07
  3.48409638e-08  4.16149250e-11 -6.73242018e-12]


person 7 error 3705362.469604573
	values[ 0.00000000e+00  1.24031745e-01 -6.21194106e+00  4.93390314e-02
  3.81084816e-02  8.13236610e-05 -6.01876916e-05 -1.25158557e-07
  3.48409638e-08  4.16149250e-11 -6.73242018e-12]


person 8 error 3705362.469604573
	values[ 0.00000000e+00  1.24031745e-01 -6.21194106e+00  4.93390314e-02
  3.81084816e-02  8.13236610e-05 -6.01876916e-05 -1.25158557e-07
  3.48409638e-08  4.16149250e-11 -6.73242018e-12]


person 9 error 3705362.469604573
	values[ 0.00000000e+00  1.24031745e-01 -6.21194106e+00  4.93390314e-02
  3.81084816e-02  8.13236610e-05 -6.01876916e-05 -1.25158557e-07
  3.48409638e-08  4.16149250e-11 -6.73242018e-12]


person 10 error 3714071.8816572283
	values[-8.17776911e+00  1.24031745e-01 -6.21194106e+00  4.93390314e-02
  3.81084816e-02  8.13236610e-05 -6.01876916e-05 -1.25158557e-07
  3.48409638e-08  4.16149250e-11 -6.73242018e-12]


person 11 error 28504634114.38942
	values[ 0.00000000e+00  1.24031745e-01 -6.21194106e+00 -1.96349428e+00
  3.81084816e-02  8.13236610e-05 -6.01876916e-05 -1.25158557e-07
  3.48409638e-08  4.16149250e-11 -6.73242018e-12]


person 12 error 611336289072.0347
	values[ 0.00000000e+00  1.24031745e-01 -6.21194106e+00  9.33957052e+00
  3.81084816e-02  8.13236610e-05 -6.01876916e-05 -1.25158557e-07
  3.48409638e-08  4.16149250e-11 -6.73242018e-12]


person 13 error 1297749368914032.2
	values[ 0.00000000e+00  1.24031745e-01 -6.21194106e+00  4.93390314e-02
  9.53908059e+00  8.13236610e-05 -6.01876916e-05 -1.25158557e-07
  3.48409638e-08  4.16149250e-11 -6.73242018e-12]


person 14 error 3.305714200871099e+17
	values[ 0.00000000e+00  1.24031745e-01 -6.21194106e+00  4.93390314e-02
  3.81084816e-02 -3.32614168e+00 -6.01876916e-05 -1.25158557e-07
  3.48409638e-08  4.16149250e-11 -6.73242018e-12]


person 15 error 9.215010513145556e+17
	values[ 0.00000000e+00  1.24031745e-01 -6.21194106e+00  4.93390314e-02
  3.81084816e-02  5.55356988e+00 -6.01876916e-05 -1.25158557e-07
  3.48409638e-08  4.16149250e-11 -6.73242018e-12]


person 16 error 2.080304315614054e+24
	values[ 0.00000000e+00  1.24031745e-01 -6.21194106e+00  4.93390314e-02
  3.81084816e-02  8.13236610e-05 -6.01876916e-05 -3.93829405e+00
  3.48409638e-08  4.16149250e-11 -6.73242018e-12]


person 17 error 9.840093774147135e+27
	values[ 2.74781116e+00  1.24031745e-01 -6.21194106e+00  7.24364502e+00
  3.81084816e-02 -5.80042585e+00 -1.80500018e+00 -7.80852476e+00
 -5.81741103e+00  4.16149250e-11 -6.73242018e-12]


person 18 error 3.1649167064516346e+30
	values[-9.03912025e+00 -7.28251754e+00 -4.74736162e+00 -1.96349428e+00
  6.67071339e+00 -3.29809402e+00 -6.01876916e-05 -1.07649702e+00
 -1.14671389e+00 -2.25208377e+00 -6.73242018e-12]


person 19 error 2.035659117076477e+31
	values[ 3.54403826e+00  1.24031745e-01  9.16679259e+00  4.93390314e-02
 -1.92386849e+00 -9.64082131e+00 -3.10227194e+00 -5.37770643e+00
 -3.44264870e+00  5.73270566e+00 -6.73242018e-12]






********4*********
person 0 error 3705362.469604573
	values[ 0.00000000e+00  1.24031745e-01 -6.21194106e+00  4.93390314e-02
  3.81084816e-02  8.13236610e-05 -6.01876916e-05 -1.25158557e-07
  3.48409638e-08  4.16149250e-11 -6.73242018e-12]


person 1 error 3705362.469604573
	values[ 0.00000000e+00  1.24031745e-01 -6.21194106e+00  4.93390314e-02
  3.81084816e-02  8.13236610e-05 -6.01876916e-05 -1.25158557e-07
  3.48409638e-08  4.16149250e-11 -6.73242018e-12]


person 2 error 3705362.469604573
	values[ 0.00000000e+00  1.24031745e-01 -6.21194106e+00  4.93390314e-02
  3.81084816e-02  8.13236610e-05 -6.01876916e-05 -1.25158557e-07
  3.48409638e-08  4.16149250e-11 -6.73242018e-12]


person 3 error 3705362.469604573
	values[ 0.00000000e+00  1.24031745e-01 -6.21194106e+00  4.93390314e-02
  3.81084816e-02  8.13236610e-05 -6.01876916e-05 -1.25158557e-07
  3.48409638e-08  4.16149250e-11 -6.73242018e-12]


person 4 error 3705362.469604573
	values[ 0.00000000e+00  1.24031745e-01 -6.21194106e+00  4.93390314e-02
  3.81084816e-02  8.13236610e-05 -6.01876916e-05 -1.25158557e-07
  3.48409638e-08  4.16149250e-11 -6.73242018e-12]


person 5 error 3705362.469604573
	values[ 0.00000000e+00  1.24031745e-01 -6.21194106e+00  4.93390314e-02
  3.81084816e-02  8.13236610e-05 -6.01876916e-05 -1.25158557e-07
  3.48409638e-08  4.16149250e-11 -6.73242018e-12]


person 6 error 3705362.469604573
	values[ 0.00000000e+00  1.24031745e-01 -6.21194106e+00  4.93390314e-02
  3.81084816e-02  8.13236610e-05 -6.01876916e-05 -1.25158557e-07
  3.48409638e-08  4.16149250e-11 -6.73242018e-12]


person 7 error 3705362.469604573
	values[ 0.00000000e+00  1.24031745e-01 -6.21194106e+00  4.93390314e-02
  3.81084816e-02  8.13236610e-05 -6.01876916e-05 -1.25158557e-07
  3.48409638e-08  4.16149250e-11 -6.73242018e-12]


person 8 error 3705362.469604573
	values[ 0.00000000e+00  1.24031745e-01 -6.21194106e+00  4.93390314e-02
  3.81084816e-02  8.13236610e-05 -6.01876916e-05 -1.25158557e-07
  3.48409638e-08  4.16149250e-11 -6.73242018e-12]


person 9 error 3705362.469604573
	values[ 0.00000000e+00  1.24031745e-01 -6.21194106e+00  4.93390314e-02
  3.81084816e-02  8.13236610e-05 -6.01876916e-05 -1.25158557e-07
  3.48409638e-08  4.16149250e-11 -6.73242018e-12]


person 10 error 3714071.8816572283
	values[-8.17776911e+00  1.24031745e-01 -6.21194106e+00  4.93390314e-02
  3.81084816e-02  8.13236610e-05 -6.01876916e-05 -1.25158557e-07
  3.48409638e-08  4.16149250e-11 -6.73242018e-12]


person 11 error 28504634114.38942
	values[ 0.00000000e+00  1.24031745e-01 -6.21194106e+00 -1.96349428e+00
  3.81084816e-02  8.13236610e-05 -6.01876916e-05 -1.25158557e-07
  3.48409638e-08  4.16149250e-11 -6.73242018e-12]


person 12 error 611336289072.0347
	values[ 0.00000000e+00  1.24031745e-01 -6.21194106e+00  9.33957052e+00
  3.81084816e-02  8.13236610e-05 -6.01876916e-05 -1.25158557e-07
  3.48409638e-08  4.16149250e-11 -6.73242018e-12]


person 13 error 1297749368914032.2
	values[ 0.00000000e+00  1.24031745e-01 -6.21194106e+00  4.93390314e-02
  9.53908059e+00  8.13236610e-05 -6.01876916e-05 -1.25158557e-07
  3.48409638e-08  4.16149250e-11 -6.73242018e-12]


person 14 error 3.305714200871099e+17
	values[ 0.00000000e+00  1.24031745e-01 -6.21194106e+00  4.93390314e-02
  3.81084816e-02 -3.32614168e+00 -6.01876916e-05 -1.25158557e-07
  3.48409638e-08  4.16149250e-11 -6.73242018e-12]


person 15 error 9.215010513145556e+17
	values[ 0.00000000e+00  1.24031745e-01 -6.21194106e+00  4.93390314e-02
  3.81084816e-02  5.55356988e+00 -6.01876916e-05 -1.25158557e-07
  3.48409638e-08  4.16149250e-11 -6.73242018e-12]


person 16 error 1.652436612010056e+26
	values[ 9.68714179e+00 -3.65372911e+00 -6.21194106e+00  7.00040097e+00
  9.89407713e+00  3.06813877e+00 -8.18182001e+00  1.33574190e+00
  7.56489903e-01  4.16149250e-11 -6.73242018e-12]


person 17 error 1.0002539016043285e+33
	values[ 0.00000000e+00  3.85809356e+00 -8.19761794e+00  3.48205113e+00
  6.19195557e+00  8.13236610e-05 -3.44940197e+00 -1.25158557e-07
  6.06284733e+00 -2.15333643e+00  8.61465764e-01]


person 18 error 1.0994457210487332e+35
	values[-5.44493299e+00  4.88115916e+00  1.29012896e+00 -2.43604379e-01
  3.81084816e-02  8.13236610e-05 -6.01876916e-05 -5.42656738e+00
  9.97735963e+00 -2.24084040e+00  9.02331009e+00]


person 19 error 1.2533786471268017e+35
	values[ 7.70212010e+00  1.24031745e-01 -1.36876941e+00  1.74949609e+00
  3.81084816e-02  8.13236610e-05  3.65869272e+00 -4.90701292e+00
  3.48409638e-08  5.67812948e-01 -9.63521159e+00]






********5*********
person 0 error 3705362.469604573
	values[ 0.00000000e+00  1.24031745e-01 -6.21194106e+00  4.93390314e-02
  3.81084816e-02  8.13236610e-05 -6.01876916e-05 -1.25158557e-07
  3.48409638e-08  4.16149250e-11 -6.73242018e-12]


person 1 error 3705362.469604573
	values[ 0.00000000e+00  1.24031745e-01 -6.21194106e+00  4.93390314e-02
  3.81084816e-02  8.13236610e-05 -6.01876916e-05 -1.25158557e-07
  3.48409638e-08  4.16149250e-11 -6.73242018e-12]


person 2 error 3705362.469604573
	values[ 0.00000000e+00  1.24031745e-01 -6.21194106e+00  4.93390314e-02
  3.81084816e-02  8.13236610e-05 -6.01876916e-05 -1.25158557e-07
  3.48409638e-08  4.16149250e-11 -6.73242018e-12]


person 3 error 3705362.469604573
	values[ 0.00000000e+00  1.24031745e-01 -6.21194106e+00  4.93390314e-02
  3.81084816e-02  8.13236610e-05 -6.01876916e-05 -1.25158557e-07
  3.48409638e-08  4.16149250e-11 -6.73242018e-12]


person 4 error 3705362.469604573
	values[ 0.00000000e+00  1.24031745e-01 -6.21194106e+00  4.93390314e-02
  3.81084816e-02  8.13236610e-05 -6.01876916e-05 -1.25158557e-07
  3.48409638e-08  4.16149250e-11 -6.73242018e-12]


person 5 error 3705362.469604573
	values[ 0.00000000e+00  1.24031745e-01 -6.21194106e+00  4.93390314e-02
  3.81084816e-02  8.13236610e-05 -6.01876916e-05 -1.25158557e-07
  3.48409638e-08  4.16149250e-11 -6.73242018e-12]


person 6 error 3705362.469604573
	values[ 0.00000000e+00  1.24031745e-01 -6.21194106e+00  4.93390314e-02
  3.81084816e-02  8.13236610e-05 -6.01876916e-05 -1.25158557e-07
  3.48409638e-08  4.16149250e-11 -6.73242018e-12]


person 7 error 3705362.469604573
	values[ 0.00000000e+00  1.24031745e-01 -6.21194106e+00  4.93390314e-02
  3.81084816e-02  8.13236610e-05 -6.01876916e-05 -1.25158557e-07
  3.48409638e-08  4.16149250e-11 -6.73242018e-12]


person 8 error 3705362.469604573
	values[ 0.00000000e+00  1.24031745e-01 -6.21194106e+00  4.93390314e-02
  3.81084816e-02  8.13236610e-05 -6.01876916e-05 -1.25158557e-07
  3.48409638e-08  4.16149250e-11 -6.73242018e-12]


person 9 error 3705362.469604573
	values[ 0.00000000e+00  1.24031745e-01 -6.21194106e+00  4.93390314e-02
  3.81084816e-02  8.13236610e-05 -6.01876916e-05 -1.25158557e-07
  3.48409638e-08  4.16149250e-11 -6.73242018e-12]


person 10 error 3714071.8816572283
	values[-8.17776911e+00  1.24031745e-01 -6.21194106e+00  4.93390314e-02
  3.81084816e-02  8.13236610e-05 -6.01876916e-05 -1.25158557e-07
  3.48409638e-08  4.16149250e-11 -6.73242018e-12]


person 11 error 28504634114.38942
	values[ 0.00000000e+00  1.24031745e-01 -6.21194106e+00 -1.96349428e+00
  3.81084816e-02  8.13236610e-05 -6.01876916e-05 -1.25158557e-07
  3.48409638e-08  4.16149250e-11 -6.73242018e-12]


person 12 error 611336289072.0347
	values[ 0.00000000e+00  1.24031745e-01 -6.21194106e+00  9.33957052e+00
  3.81084816e-02  8.13236610e-05 -6.01876916e-05 -1.25158557e-07
  3.48409638e-08  4.16149250e-11 -6.73242018e-12]


person 13 error 1297749368914032.2
	values[ 0.00000000e+00  1.24031745e-01 -6.21194106e+00  4.93390314e-02
  9.53908059e+00  8.13236610e-05 -6.01876916e-05 -1.25158557e-07
  3.48409638e-08  4.16149250e-11 -6.73242018e-12]


person 14 error 3.305714200871099e+17
	values[ 0.00000000e+00  1.24031745e-01 -6.21194106e+00  4.93390314e-02
  3.81084816e-02 -3.32614168e+00 -6.01876916e-05 -1.25158557e-07
  3.48409638e-08  4.16149250e-11 -6.73242018e-12]


person 15 error 9.215010513145556e+17
	values[ 0.00000000e+00  1.24031745e-01 -6.21194106e+00  4.93390314e-02
  3.81084816e-02  5.55356988e+00 -6.01876916e-05 -1.25158557e-07
  3.48409638e-08  4.16149250e-11 -6.73242018e-12]


person 16 error 1.652436612010056e+26
	values[ 9.68714179e+00 -3.65372911e+00 -6.21194106e+00  7.00040097e+00
  9.89407713e+00  3.06813877e+00 -8.18182001e+00  1.33574190e+00
  7.56489903e-01  4.16149250e-11 -6.73242018e-12]


person 17 error 1.5883899007649932e+31
	values[-1.60384664e+00  2.67117145e+00  5.25803545e+00 -4.86296905e+00
  3.81084816e-02 -5.01166618e+00  3.05999415e+00 -5.79959192e+00
 -5.79927621e+00  5.07088639e+00 -6.73242018e-12]


person 18 error 5.50035505514358e+34
	values[ 3.43842981e+00  1.24031745e-01 -6.21194106e+00  9.24660781e+00
 -6.54899422e+00  8.13236610e-05  5.33281397e+00  7.12651799e+00
  3.48409638e-08  6.72119221e+00 -6.39555268e+00]


person 19 error 8.470371687711993e+34
	values[-7.77897403e+00  7.71667337e+00 -7.74208008e-01  4.93390314e-02
 -1.97827587e+00 -7.96002598e+00 -7.38846109e-01 -1.25158557e-07
 -7.41753682e+00 -3.52909034e+00  7.93080439e+00]






********6*********
person 0 error 3705362.469604573
	values[ 0.00000000e+00  1.24031745e-01 -6.21194106e+00  4.93390314e-02
  3.81084816e-02  8.13236610e-05 -6.01876916e-05 -1.25158557e-07
  3.48409638e-08  4.16149250e-11 -6.73242018e-12]


person 1 error 3705362.469604573
	values[ 0.00000000e+00  1.24031745e-01 -6.21194106e+00  4.93390314e-02
  3.81084816e-02  8.13236610e-05 -6.01876916e-05 -1.25158557e-07
  3.48409638e-08  4.16149250e-11 -6.73242018e-12]


person 2 error 3705362.469604573
	values[ 0.00000000e+00  1.24031745e-01 -6.21194106e+00  4.93390314e-02
  3.81084816e-02  8.13236610e-05 -6.01876916e-05 -1.25158557e-07
  3.48409638e-08  4.16149250e-11 -6.73242018e-12]


person 3 error 3705362.469604573
	values[ 0.00000000e+00  1.24031745e-01 -6.21194106e+00  4.93390314e-02
  3.81084816e-02  8.13236610e-05 -6.01876916e-05 -1.25158557e-07
  3.48409638e-08  4.16149250e-11 -6.73242018e-12]


person 4 error 3705362.469604573
	values[ 0.00000000e+00  1.24031745e-01 -6.21194106e+00  4.93390314e-02
  3.81084816e-02  8.13236610e-05 -6.01876916e-05 -1.25158557e-07
  3.48409638e-08  4.16149250e-11 -6.73242018e-12]


person 5 error 3705362.469604573
	values[ 0.00000000e+00  1.24031745e-01 -6.21194106e+00  4.93390314e-02
  3.81084816e-02  8.13236610e-05 -6.01876916e-05 -1.25158557e-07
  3.48409638e-08  4.16149250e-11 -6.73242018e-12]


person 6 error 3705362.469604573
	values[ 0.00000000e+00  1.24031745e-01 -6.21194106e+00  4.93390314e-02
  3.81084816e-02  8.13236610e-05 -6.01876916e-05 -1.25158557e-07
  3.48409638e-08  4.16149250e-11 -6.73242018e-12]


person 7 error 3705362.469604573
	values[ 0.00000000e+00  1.24031745e-01 -6.21194106e+00  4.93390314e-02
  3.81084816e-02  8.13236610e-05 -6.01876916e-05 -1.25158557e-07
  3.48409638e-08  4.16149250e-11 -6.73242018e-12]


person 8 error 3705362.469604573
	values[ 0.00000000e+00  1.24031745e-01 -6.21194106e+00  4.93390314e-02
  3.81084816e-02  8.13236610e-05 -6.01876916e-05 -1.25158557e-07
  3.48409638e-08  4.16149250e-11 -6.73242018e-12]


person 9 error 3705362.469604573
	values[ 0.00000000e+00  1.24031745e-01 -6.21194106e+00  4.93390314e-02
  3.81084816e-02  8.13236610e-05 -6.01876916e-05 -1.25158557e-07
  3.48409638e-08  4.16149250e-11 -6.73242018e-12]


person 10 error 3714071.8816572283
	values[-8.17776911e+00  1.24031745e-01 -6.21194106e+00  4.93390314e-02
  3.81084816e-02  8.13236610e-05 -6.01876916e-05 -1.25158557e-07
  3.48409638e-08  4.16149250e-11 -6.73242018e-12]


person 11 error 28504634114.38942
	values[ 0.00000000e+00  1.24031745e-01 -6.21194106e+00 -1.96349428e+00
  3.81084816e-02  8.13236610e-05 -6.01876916e-05 -1.25158557e-07
  3.48409638e-08  4.16149250e-11 -6.73242018e-12]


person 12 error 611336289072.0347
	values[ 0.00000000e+00  1.24031745e-01 -6.21194106e+00  9.33957052e+00
  3.81084816e-02  8.13236610e-05 -6.01876916e-05 -1.25158557e-07
  3.48409638e-08  4.16149250e-11 -6.73242018e-12]


person 13 error 1297749368914032.2
	values[ 0.00000000e+00  1.24031745e-01 -6.21194106e+00  4.93390314e-02
  9.53908059e+00  8.13236610e-05 -6.01876916e-05 -1.25158557e-07
  3.48409638e-08  4.16149250e-11 -6.73242018e-12]


person 14 error 3.305714200871099e+17
	values[ 0.00000000e+00  1.24031745e-01 -6.21194106e+00  4.93390314e-02
  3.81084816e-02 -3.32614168e+00 -6.01876916e-05 -1.25158557e-07
  3.48409638e-08  4.16149250e-11 -6.73242018e-12]


person 15 error 9.215010513145556e+17
	values[ 0.00000000e+00  1.24031745e-01 -6.21194106e+00  4.93390314e-02
  3.81084816e-02  5.55356988e+00 -6.01876916e-05 -1.25158557e-07
  3.48409638e-08  4.16149250e-11 -6.73242018e-12]


person 16 error 2.8033249396180283e+24
	values[-2.02458628e+00 -3.05931290e+00 -6.21194106e+00 -4.38088348e+00
  3.81084816e-02  1.11812703e+00 -6.01876916e-05 -4.57226296e+00
  3.48409638e-08  4.16149250e-11 -6.73242018e-12]


person 17 error 1.652436612010056e+26
	values[ 9.68714179e+00 -3.65372911e+00 -6.21194106e+00  7.00040097e+00
  9.89407713e+00  3.06813877e+00 -8.18182001e+00  1.33574190e+00
  7.56489903e-01  4.16149250e-11 -6.73242018e-12]


person 18 error 4.8005575204652507e+27
	values[-2.69223056e+00  4.95809073e+00  7.50637551e+00  4.93390314e-02
  3.81084816e-02  8.13236610e-05 -7.50372696e+00 -2.18549901e+00
 -4.07247995e+00  4.16149250e-11 -6.73242018e-12]


person 19 error 5.0976239182511865e+31
	values[ 0.00000000e+00  9.13094871e+00 -2.50601896e+00  8.66746631e+00
  4.86911582e+00 -6.77703361e+00  5.54199347e+00 -1.07762391e+00
  9.00989477e+00  9.02714805e+00 -6.73242018e-12]






********7*********
person 0 error 3705362.469604573
	values[ 0.00000000e+00  1.24031745e-01 -6.21194106e+00  4.93390314e-02
  3.81084816e-02  8.13236610e-05 -6.01876916e-05 -1.25158557e-07
  3.48409638e-08  4.16149250e-11 -6.73242018e-12]


person 1 error 3705362.469604573
	values[ 0.00000000e+00  1.24031745e-01 -6.21194106e+00  4.93390314e-02
  3.81084816e-02  8.13236610e-05 -6.01876916e-05 -1.25158557e-07
  3.48409638e-08  4.16149250e-11 -6.73242018e-12]


person 2 error 3705362.469604573
	values[ 0.00000000e+00  1.24031745e-01 -6.21194106e+00  4.93390314e-02
  3.81084816e-02  8.13236610e-05 -6.01876916e-05 -1.25158557e-07
  3.48409638e-08  4.16149250e-11 -6.73242018e-12]


person 3 error 3705362.469604573
	values[ 0.00000000e+00  1.24031745e-01 -6.21194106e+00  4.93390314e-02
  3.81084816e-02  8.13236610e-05 -6.01876916e-05 -1.25158557e-07
  3.48409638e-08  4.16149250e-11 -6.73242018e-12]


person 4 error 3705362.469604573
	values[ 0.00000000e+00  1.24031745e-01 -6.21194106e+00  4.93390314e-02
  3.81084816e-02  8.13236610e-05 -6.01876916e-05 -1.25158557e-07
  3.48409638e-08  4.16149250e-11 -6.73242018e-12]


person 5 error 3705362.469604573
	values[ 0.00000000e+00  1.24031745e-01 -6.21194106e+00  4.93390314e-02
  3.81084816e-02  8.13236610e-05 -6.01876916e-05 -1.25158557e-07
  3.48409638e-08  4.16149250e-11 -6.73242018e-12]


person 6 error 3705362.469604573
	values[ 0.00000000e+00  1.24031745e-01 -6.21194106e+00  4.93390314e-02
  3.81084816e-02  8.13236610e-05 -6.01876916e-05 -1.25158557e-07
  3.48409638e-08  4.16149250e-11 -6.73242018e-12]


person 7 error 3705362.469604573
	values[ 0.00000000e+00  1.24031745e-01 -6.21194106e+00  4.93390314e-02
  3.81084816e-02  8.13236610e-05 -6.01876916e-05 -1.25158557e-07
  3.48409638e-08  4.16149250e-11 -6.73242018e-12]


person 8 error 3705362.469604573
	values[ 0.00000000e+00  1.24031745e-01 -6.21194106e+00  4.93390314e-02
  3.81084816e-02  8.13236610e-05 -6.01876916e-05 -1.25158557e-07
  3.48409638e-08  4.16149250e-11 -6.73242018e-12]


person 9 error 3705362.469604573
	values[ 0.00000000e+00  1.24031745e-01 -6.21194106e+00  4.93390314e-02
  3.81084816e-02  8.13236610e-05 -6.01876916e-05 -1.25158557e-07
  3.48409638e-08  4.16149250e-11 -6.73242018e-12]


person 10 error 3714071.8816572283
	values[-8.17776911e+00  1.24031745e-01 -6.21194106e+00  4.93390314e-02
  3.81084816e-02  8.13236610e-05 -6.01876916e-05 -1.25158557e-07
  3.48409638e-08  4.16149250e-11 -6.73242018e-12]


person 11 error 28504634114.38942
	values[ 0.00000000e+00  1.24031745e-01 -6.21194106e+00 -1.96349428e+00
  3.81084816e-02  8.13236610e-05 -6.01876916e-05 -1.25158557e-07
  3.48409638e-08  4.16149250e-11 -6.73242018e-12]


person 12 error 1297749368914032.2
	values[ 0.00000000e+00  1.24031745e-01 -6.21194106e+00  4.93390314e-02
  9.53908059e+00  8.13236610e-05 -6.01876916e-05 -1.25158557e-07
  3.48409638e-08  4.16149250e-11 -6.73242018e-12]


person 13 error 3.305714200871099e+17
	values[ 0.00000000e+00  1.24031745e-01 -6.21194106e+00  4.93390314e-02
  3.81084816e-02 -3.32614168e+00 -6.01876916e-05 -1.25158557e-07
  3.48409638e-08  4.16149250e-11 -6.73242018e-12]


person 14 error 9.215010513145556e+17
	values[ 0.00000000e+00  1.24031745e-01 -6.21194106e+00  4.93390314e-02
  3.81084816e-02  5.55356988e+00 -6.01876916e-05 -1.25158557e-07
  3.48409638e-08  4.16149250e-11 -6.73242018e-12]


person 15 error 2.8033249396180283e+24
	values[-2.02458628e+00 -3.05931290e+00 -6.21194106e+00 -4.38088348e+00
  3.81084816e-02  1.11812703e+00 -6.01876916e-05 -4.57226296e+00
  3.48409638e-08  4.16149250e-11 -6.73242018e-12]


person 16 error 4.8005575204652507e+27
	values[-2.69223056e+00  4.95809073e+00  7.50637551e+00  4.93390314e-02
  3.81084816e-02  8.13236610e-05 -7.50372696e+00 -2.18549901e+00
 -4.07247995e+00  4.16149250e-11 -6.73242018e-12]


person 17 error 8.691890548406396e+30
	values[-2.87473561e+00 -8.66480950e+00 -8.07320875e+00  4.93390314e-02
  9.81133896e+00  7.00672686e+00 -5.93392398e+00 -1.31942324e+00
  3.48409638e-08 -3.73782886e+00 -6.73242018e-12]


person 18 error 3.463139847387694e+31
	values[ 5.88813570e+00  5.31231146e+00  8.92385305e+00  8.66746631e+00
  9.34071309e+00  8.13236610e-05 -5.46672575e+00 -1.25158557e-07
  3.48409638e-08  7.46224697e+00 -6.73242018e-12]


person 19 error 4.3837154514148116e+33
	values[-8.26929171e-01 -8.32257669e+00  9.15039533e+00  3.41617325e+00
  3.38861400e+00 -8.22463594e+00 -5.13899084e+00  4.85322932e+00
  9.62076754e+00  4.16149250e-11  1.79727160e+00]






********8*********
person 0 error 3705362.469604573
	values[ 0.00000000e+00  1.24031745e-01 -6.21194106e+00  4.93390314e-02
  3.81084816e-02  8.13236610e-05 -6.01876916e-05 -1.25158557e-07
  3.48409638e-08  4.16149250e-11 -6.73242018e-12]


person 1 error 3705362.469604573
	values[ 0.00000000e+00  1.24031745e-01 -6.21194106e+00  4.93390314e-02
  3.81084816e-02  8.13236610e-05 -6.01876916e-05 -1.25158557e-07
  3.48409638e-08  4.16149250e-11 -6.73242018e-12]


person 2 error 3705362.469604573
	values[ 0.00000000e+00  1.24031745e-01 -6.21194106e+00  4.93390314e-02
  3.81084816e-02  8.13236610e-05 -6.01876916e-05 -1.25158557e-07
  3.48409638e-08  4.16149250e-11 -6.73242018e-12]


person 3 error 3705362.469604573
	values[ 0.00000000e+00  1.24031745e-01 -6.21194106e+00  4.93390314e-02
  3.81084816e-02  8.13236610e-05 -6.01876916e-05 -1.25158557e-07
  3.48409638e-08  4.16149250e-11 -6.73242018e-12]


person 4 error 3705362.469604573
	values[ 0.00000000e+00  1.24031745e-01 -6.21194106e+00  4.93390314e-02
  3.81084816e-02  8.13236610e-05 -6.01876916e-05 -1.25158557e-07
  3.48409638e-08  4.16149250e-11 -6.73242018e-12]


person 5 error 3705362.469604573
	values[ 0.00000000e+00  1.24031745e-01 -6.21194106e+00  4.93390314e-02
  3.81084816e-02  8.13236610e-05 -6.01876916e-05 -1.25158557e-07
  3.48409638e-08  4.16149250e-11 -6.73242018e-12]


person 6 error 3705362.469604573
	values[ 0.00000000e+00  1.24031745e-01 -6.21194106e+00  4.93390314e-02
  3.81084816e-02  8.13236610e-05 -6.01876916e-05 -1.25158557e-07
  3.48409638e-08  4.16149250e-11 -6.73242018e-12]


person 7 error 3705362.469604573
	values[ 0.00000000e+00  1.24031745e-01 -6.21194106e+00  4.93390314e-02
  3.81084816e-02  8.13236610e-05 -6.01876916e-05 -1.25158557e-07
  3.48409638e-08  4.16149250e-11 -6.73242018e-12]


person 8 error 3705362.469604573
	values[ 0.00000000e+00  1.24031745e-01 -6.21194106e+00  4.93390314e-02
  3.81084816e-02  8.13236610e-05 -6.01876916e-05 -1.25158557e-07
  3.48409638e-08  4.16149250e-11 -6.73242018e-12]


person 9 error 3714071.8816572283
	values[-8.17776911e+00  1.24031745e-01 -6.21194106e+00  4.93390314e-02
  3.81084816e-02  8.13236610e-05 -6.01876916e-05 -1.25158557e-07
  3.48409638e-08  4.16149250e-11 -6.73242018e-12]


person 10 error 28504634114.38942
	values[ 0.00000000e+00  1.24031745e-01 -6.21194106e+00 -1.96349428e+00
  3.81084816e-02  8.13236610e-05 -6.01876916e-05 -1.25158557e-07
  3.48409638e-08  4.16149250e-11 -6.73242018e-12]


person 11 error 1297749368914032.2
	values[ 0.00000000e+00  1.24031745e-01 -6.21194106e+00  4.93390314e-02
  9.53908059e+00  8.13236610e-05 -6.01876916e-05 -1.25158557e-07
  3.48409638e-08  4.16149250e-11 -6.73242018e-12]


person 12 error 3.305714200871099e+17
	values[ 0.00000000e+00  1.24031745e-01 -6.21194106e+00  4.93390314e-02
  3.81084816e-02 -3.32614168e+00 -6.01876916e-05 -1.25158557e-07
  3.48409638e-08  4.16149250e-11 -6.73242018e-12]


person 13 error 9.215010513145556e+17
	values[ 0.00000000e+00  1.24031745e-01 -6.21194106e+00  4.93390314e-02
  3.81084816e-02  5.55356988e+00 -6.01876916e-05 -1.25158557e-07
  3.48409638e-08  4.16149250e-11 -6.73242018e-12]


person 14 error 2.8033249396180283e+24
	values[-2.02458628e+00 -3.05931290e+00 -6.21194106e+00 -4.38088348e+00
  3.81084816e-02  1.11812703e+00 -6.01876916e-05 -4.57226296e+00
  3.48409638e-08  4.16149250e-11 -6.73242018e-12]


person 15 error 4.8005575204652507e+27
	values[-2.69223056e+00  4.95809073e+00  7.50637551e+00  4.93390314e-02
  3.81084816e-02  8.13236610e-05 -7.50372696e+00 -2.18549901e+00
 -4.07247995e+00  4.16149250e-11 -6.73242018e-12]


person 16 error 8.691890548406396e+30
	values[-2.87473561e+00 -8.66480950e+00 -8.07320875e+00  4.93390314e-02
  9.81133896e+00  7.00672686e+00 -5.93392398e+00 -1.31942324e+00
  3.48409638e-08 -3.73782886e+00 -6.73242018e-12]


person 17 error 3.463139847387694e+31
	values[ 5.88813570e+00  5.31231146e+00  8.92385305e+00  8.66746631e+00
  9.34071309e+00  8.13236610e-05 -5.46672575e+00 -1.25158557e-07
  3.48409638e-08  7.46224697e+00 -6.73242018e-12]


person 18 error 5.759524653023389e+31
	values[-2.51850825e+00  1.24031745e-01 -9.72117223e+00  8.23249872e+00
  3.81084816e-02  5.06945302e+00 -9.15673375e+00 -7.57413656e+00
 -2.86503185e+00 -9.61176477e+00 -6.73242018e-12]


person 19 error 1.4116249055954883e+34
	values[-7.39764398e+00  1.24031745e-01 -3.68494709e+00  9.79786749e+00
  8.94940544e+00 -2.94358405e+00 -6.01876916e-05 -6.64344335e+00
  7.08533522e+00  5.49667574e+00  3.21536755e+00]






********9*********
person 0 error 3705362.469604573
	values[ 0.00000000e+00  1.24031745e-01 -6.21194106e+00  4.93390314e-02
  3.81084816e-02  8.13236610e-05 -6.01876916e-05 -1.25158557e-07
  3.48409638e-08  4.16149250e-11 -6.73242018e-12]


person 1 error 3705362.469604573
	values[ 0.00000000e+00  1.24031745e-01 -6.21194106e+00  4.93390314e-02
  3.81084816e-02  8.13236610e-05 -6.01876916e-05 -1.25158557e-07
  3.48409638e-08  4.16149250e-11 -6.73242018e-12]


person 2 error 3705362.469604573
	values[ 0.00000000e+00  1.24031745e-01 -6.21194106e+00  4.93390314e-02
  3.81084816e-02  8.13236610e-05 -6.01876916e-05 -1.25158557e-07
  3.48409638e-08  4.16149250e-11 -6.73242018e-12]


person 3 error 3705362.469604573
	values[ 0.00000000e+00  1.24031745e-01 -6.21194106e+00  4.93390314e-02
  3.81084816e-02  8.13236610e-05 -6.01876916e-05 -1.25158557e-07
  3.48409638e-08  4.16149250e-11 -6.73242018e-12]


person 4 error 3705362.469604573
	values[ 0.00000000e+00  1.24031745e-01 -6.21194106e+00  4.93390314e-02
  3.81084816e-02  8.13236610e-05 -6.01876916e-05 -1.25158557e-07
  3.48409638e-08  4.16149250e-11 -6.73242018e-12]


person 5 error 3705362.469604573
	values[ 0.00000000e+00  1.24031745e-01 -6.21194106e+00  4.93390314e-02
  3.81084816e-02  8.13236610e-05 -6.01876916e-05 -1.25158557e-07
  3.48409638e-08  4.16149250e-11 -6.73242018e-12]


person 6 error 3705362.469604573
	values[ 0.00000000e+00  1.24031745e-01 -6.21194106e+00  4.93390314e-02
  3.81084816e-02  8.13236610e-05 -6.01876916e-05 -1.25158557e-07
  3.48409638e-08  4.16149250e-11 -6.73242018e-12]


person 7 error 3705362.469604573
	values[ 0.00000000e+00  1.24031745e-01 -6.21194106e+00  4.93390314e-02
  3.81084816e-02  8.13236610e-05 -6.01876916e-05 -1.25158557e-07
  3.48409638e-08  4.16149250e-11 -6.73242018e-12]


person 8 error 3705362.469604573
	values[ 0.00000000e+00  1.24031745e-01 -6.21194106e+00  4.93390314e-02
  3.81084816e-02  8.13236610e-05 -6.01876916e-05 -1.25158557e-07
  3.48409638e-08  4.16149250e-11 -6.73242018e-12]


person 9 error 3714071.8816572283
	values[-8.17776911e+00  1.24031745e-01 -6.21194106e+00  4.93390314e-02
  3.81084816e-02  8.13236610e-05 -6.01876916e-05 -1.25158557e-07
  3.48409638e-08  4.16149250e-11 -6.73242018e-12]


person 10 error 28504634114.38942
	values[ 0.00000000e+00  1.24031745e-01 -6.21194106e+00 -1.96349428e+00
  3.81084816e-02  8.13236610e-05 -6.01876916e-05 -1.25158557e-07
  3.48409638e-08  4.16149250e-11 -6.73242018e-12]


person 11 error 1297749368914032.2
	values[ 0.00000000e+00  1.24031745e-01 -6.21194106e+00  4.93390314e-02
  9.53908059e+00  8.13236610e-05 -6.01876916e-05 -1.25158557e-07
  3.48409638e-08  4.16149250e-11 -6.73242018e-12]


person 12 error 3.305714200871099e+17
	values[ 0.00000000e+00  1.24031745e-01 -6.21194106e+00  4.93390314e-02
  3.81084816e-02 -3.32614168e+00 -6.01876916e-05 -1.25158557e-07
  3.48409638e-08  4.16149250e-11 -6.73242018e-12]


person 13 error 9.215010513145556e+17
	values[ 0.00000000e+00  1.24031745e-01 -6.21194106e+00  4.93390314e-02
  3.81084816e-02  5.55356988e+00 -6.01876916e-05 -1.25158557e-07
  3.48409638e-08  4.16149250e-11 -6.73242018e-12]


person 14 error 2.8033249396180283e+24
	values[-2.02458628e+00 -3.05931290e+00 -6.21194106e+00 -4.38088348e+00
  3.81084816e-02  1.11812703e+00 -6.01876916e-05 -4.57226296e+00
  3.48409638e-08  4.16149250e-11 -6.73242018e-12]


person 15 error 5.474049494252491e+27
	values[-5.48904508e+00  3.64317459e+00 -4.35401102e+00  4.93390314e-02
 -4.45112286e+00  8.13236610e-05  2.26513883e+00 -9.01136753e+00
 -4.32772107e+00  4.16149250e-11 -6.73242018e-12]


person 16 error 1.777207691846828e+30
	values[ 0.00000000e+00 -8.71672502e+00  9.77403636e+00  8.84027627e+00
  3.81084816e-02  8.13236610e-05  8.67432378e+00 -3.80995704e+00
  3.48409638e-08 -1.68870286e+00 -6.73242018e-12]


person 17 error 3.431478322927034e+30
	values[-3.67378515e+00  8.25338396e+00  5.48034347e+00  5.49850115e-01
  3.81084816e-02  8.86418519e+00 -1.60494620e+00 -7.79264629e+00
  4.87202427e+00  4.16149250e-11  4.81747729e-02]


person 18 error 8.691890548406396e+30
	values[-2.87473561e+00 -8.66480950e+00 -8.07320875e+00  4.93390314e-02
  9.81133896e+00  7.00672686e+00 -5.93392398e+00 -1.31942324e+00
  3.48409638e-08 -3.73782886e+00 -6.73242018e-12]


person 19 error 4.590337884339401e+33
	values[ 0.00000000e+00 -3.07179317e+00  4.38768460e+00  4.93390314e-02
 -8.66801051e+00  4.24863898e+00 -6.01876916e-05 -6.41698702e+00
  7.17332030e+00 -5.04903348e+00  1.84860081e+00]






********10*********
person 0 error 3705362.469604573
	values[ 0.00000000e+00  1.24031745e-01 -6.21194106e+00  4.93390314e-02
  3.81084816e-02  8.13236610e-05 -6.01876916e-05 -1.25158557e-07
  3.48409638e-08  4.16149250e-11 -6.73242018e-12]


person 1 error 3705362.469604573
	values[ 0.00000000e+00  1.24031745e-01 -6.21194106e+00  4.93390314e-02
  3.81084816e-02  8.13236610e-05 -6.01876916e-05 -1.25158557e-07
  3.48409638e-08  4.16149250e-11 -6.73242018e-12]


person 2 error 3705362.469604573
	values[ 0.00000000e+00  1.24031745e-01 -6.21194106e+00  4.93390314e-02
  3.81084816e-02  8.13236610e-05 -6.01876916e-05 -1.25158557e-07
  3.48409638e-08  4.16149250e-11 -6.73242018e-12]


person 3 error 3705362.469604573
	values[ 0.00000000e+00  1.24031745e-01 -6.21194106e+00  4.93390314e-02
  3.81084816e-02  8.13236610e-05 -6.01876916e-05 -1.25158557e-07
  3.48409638e-08  4.16149250e-11 -6.73242018e-12]


person 4 error 3705362.469604573
	values[ 0.00000000e+00  1.24031745e-01 -6.21194106e+00  4.93390314e-02
  3.81084816e-02  8.13236610e-05 -6.01876916e-05 -1.25158557e-07
  3.48409638e-08  4.16149250e-11 -6.73242018e-12]


person 5 error 3705362.469604573
	values[ 0.00000000e+00  1.24031745e-01 -6.21194106e+00  4.93390314e-02
  3.81084816e-02  8.13236610e-05 -6.01876916e-05 -1.25158557e-07
  3.48409638e-08  4.16149250e-11 -6.73242018e-12]


person 6 error 3705362.469604573
	values[ 0.00000000e+00  1.24031745e-01 -6.21194106e+00  4.93390314e-02
  3.81084816e-02  8.13236610e-05 -6.01876916e-05 -1.25158557e-07
  3.48409638e-08  4.16149250e-11 -6.73242018e-12]


person 7 error 3705362.469604573
	values[ 0.00000000e+00  1.24031745e-01 -6.21194106e+00  4.93390314e-02
  3.81084816e-02  8.13236610e-05 -6.01876916e-05 -1.25158557e-07
  3.48409638e-08  4.16149250e-11 -6.73242018e-12]


person 8 error 3705362.469604573
	values[ 0.00000000e+00  1.24031745e-01 -6.21194106e+00  4.93390314e-02
  3.81084816e-02  8.13236610e-05 -6.01876916e-05 -1.25158557e-07
  3.48409638e-08  4.16149250e-11 -6.73242018e-12]


person 9 error 3714071.8816572283
	values[-8.17776911e+00  1.24031745e-01 -6.21194106e+00  4.93390314e-02
  3.81084816e-02  8.13236610e-05 -6.01876916e-05 -1.25158557e-07
  3.48409638e-08  4.16149250e-11 -6.73242018e-12]


person 10 error 28504634114.38942
	values[ 0.00000000e+00  1.24031745e-01 -6.21194106e+00 -1.96349428e+00
  3.81084816e-02  8.13236610e-05 -6.01876916e-05 -1.25158557e-07
  3.48409638e-08  4.16149250e-11 -6.73242018e-12]


person 11 error 1297749368914032.2
	values[ 0.00000000e+00  1.24031745e-01 -6.21194106e+00  4.93390314e-02
  9.53908059e+00  8.13236610e-05 -6.01876916e-05 -1.25158557e-07
  3.48409638e-08  4.16149250e-11 -6.73242018e-12]


person 12 error 3.305714200871099e+17
	values[ 0.00000000e+00  1.24031745e-01 -6.21194106e+00  4.93390314e-02
  3.81084816e-02 -3.32614168e+00 -6.01876916e-05 -1.25158557e-07
  3.48409638e-08  4.16149250e-11 -6.73242018e-12]


person 13 error 9.215010513145556e+17
	values[ 0.00000000e+00  1.24031745e-01 -6.21194106e+00  4.93390314e-02
  3.81084816e-02  5.55356988e+00 -6.01876916e-05 -1.25158557e-07
  3.48409638e-08  4.16149250e-11 -6.73242018e-12]


person 14 error 2.8033249396180283e+24
	values[-2.02458628e+00 -3.05931290e+00 -6.21194106e+00 -4.38088348e+00
  3.81084816e-02  1.11812703e+00 -6.01876916e-05 -4.57226296e+00
  3.48409638e-08  4.16149250e-11 -6.73242018e-12]


person 15 error 5.157140448519998e+27
	values[-6.94581677e+00 -7.85217298e+00 -1.50138656e+00 -3.42307266e+00
 -6.88796216e+00 -1.30283959e+00 -1.79267074e+00 -2.11705441e+00
 -4.22432743e+00  4.16149250e-11 -6.73242018e-12]


person 16 error 5.474049494252491e+27
	values[-5.48904508e+00  3.64317459e+00 -4.35401102e+00  4.93390314e-02
 -4.45112286e+00  8.13236610e-05  2.26513883e+00 -9.01136753e+00
 -4.32772107e+00  4.16149250e-11 -6.73242018e-12]


person 17 error 5.651542483131269e+27
	values[ 3.38606292e+00 -2.39871337e+00 -6.21194106e+00 -6.38871925e+00
  6.55043878e+00  5.88965449e+00 -9.13643736e+00 -1.29823790e+00
  3.06485020e+00  6.16211455e-02 -6.73242018e-12]


person 18 error 1.1409202496510798e+30
	values[ 0.00000000e+00 -1.85737648e+00  2.31549623e+00 -8.72561785e+00
 -6.02123955e+00  6.69887680e+00 -2.75965818e+00 -1.26966575e+00
  3.48409638e-08  1.35503673e+00 -6.73242018e-12]


person 19 error 1.777207691846828e+30
	values[ 0.00000000e+00 -8.71672502e+00  9.77403636e+00  8.84027627e+00
  3.81084816e-02  8.13236610e-05  8.67432378e+00 -3.80995704e+00
  3.48409638e-08 -1.68870286e+00 -6.73242018e-12]






********11*********
person 0 error 3705362.469604573
	values[ 0.00000000e+00  1.24031745e-01 -6.21194106e+00  4.93390314e-02
  3.81084816e-02  8.13236610e-05 -6.01876916e-05 -1.25158557e-07
  3.48409638e-08  4.16149250e-11 -6.73242018e-12]


person 1 error 3705362.469604573
	values[ 0.00000000e+00  1.24031745e-01 -6.21194106e+00  4.93390314e-02
  3.81084816e-02  8.13236610e-05 -6.01876916e-05 -1.25158557e-07
  3.48409638e-08  4.16149250e-11 -6.73242018e-12]


person 2 error 3705362.469604573
	values[ 0.00000000e+00  1.24031745e-01 -6.21194106e+00  4.93390314e-02
  3.81084816e-02  8.13236610e-05 -6.01876916e-05 -1.25158557e-07
  3.48409638e-08  4.16149250e-11 -6.73242018e-12]


person 3 error 3705362.469604573
	values[ 0.00000000e+00  1.24031745e-01 -6.21194106e+00  4.93390314e-02
  3.81084816e-02  8.13236610e-05 -6.01876916e-05 -1.25158557e-07
  3.48409638e-08  4.16149250e-11 -6.73242018e-12]


person 4 error 3705362.469604573
	values[ 0.00000000e+00  1.24031745e-01 -6.21194106e+00  4.93390314e-02
  3.81084816e-02  8.13236610e-05 -6.01876916e-05 -1.25158557e-07
  3.48409638e-08  4.16149250e-11 -6.73242018e-12]


person 5 error 3705362.469604573
	values[ 0.00000000e+00  1.24031745e-01 -6.21194106e+00  4.93390314e-02
  3.81084816e-02  8.13236610e-05 -6.01876916e-05 -1.25158557e-07
  3.48409638e-08  4.16149250e-11 -6.73242018e-12]


person 6 error 3705362.469604573
	values[ 0.00000000e+00  1.24031745e-01 -6.21194106e+00  4.93390314e-02
  3.81084816e-02  8.13236610e-05 -6.01876916e-05 -1.25158557e-07
  3.48409638e-08  4.16149250e-11 -6.73242018e-12]


person 7 error 3705362.469604573
	values[ 0.00000000e+00  1.24031745e-01 -6.21194106e+00  4.93390314e-02
  3.81084816e-02  8.13236610e-05 -6.01876916e-05 -1.25158557e-07
  3.48409638e-08  4.16149250e-11 -6.73242018e-12]


person 8 error 3705362.469604573
	values[ 0.00000000e+00  1.24031745e-01 -6.21194106e+00  4.93390314e-02
  3.81084816e-02  8.13236610e-05 -6.01876916e-05 -1.25158557e-07
  3.48409638e-08  4.16149250e-11 -6.73242018e-12]


person 9 error 3714071.8816572283
	values[-8.17776911e+00  1.24031745e-01 -6.21194106e+00  4.93390314e-02
  3.81084816e-02  8.13236610e-05 -6.01876916e-05 -1.25158557e-07
  3.48409638e-08  4.16149250e-11 -6.73242018e-12]


person 10 error 28504634114.38942
	values[ 0.00000000e+00  1.24031745e-01 -6.21194106e+00 -1.96349428e+00
  3.81084816e-02  8.13236610e-05 -6.01876916e-05 -1.25158557e-07
  3.48409638e-08  4.16149250e-11 -6.73242018e-12]


person 11 error 1297749368914032.2
	values[ 0.00000000e+00  1.24031745e-01 -6.21194106e+00  4.93390314e-02
  9.53908059e+00  8.13236610e-05 -6.01876916e-05 -1.25158557e-07
  3.48409638e-08  4.16149250e-11 -6.73242018e-12]


person 12 error 3.305714200871099e+17
	values[ 0.00000000e+00  1.24031745e-01 -6.21194106e+00  4.93390314e-02
  3.81084816e-02 -3.32614168e+00 -6.01876916e-05 -1.25158557e-07
  3.48409638e-08  4.16149250e-11 -6.73242018e-12]


person 13 error 9.215010513145556e+17
	values[ 0.00000000e+00  1.24031745e-01 -6.21194106e+00  4.93390314e-02
  3.81084816e-02  5.55356988e+00 -6.01876916e-05 -1.25158557e-07
  3.48409638e-08  4.16149250e-11 -6.73242018e-12]


person 14 error 1.2081667028289513e+24
	values[-5.34736087e+00  1.24031745e-01 -7.46554701e+00  4.93390314e-02
  3.81084816e-02  8.13236610e-05 -6.33605098e+00 -2.97410322e+00
  3.48409638e-08  4.16149250e-11 -6.73242018e-12]


person 15 error 2.8033249396180283e+24
	values[-2.02458628e+00 -3.05931290e+00 -6.21194106e+00 -4.38088348e+00
  3.81084816e-02  1.11812703e+00 -6.01876916e-05 -4.57226296e+00
  3.48409638e-08  4.16149250e-11 -6.73242018e-12]


person 16 error 5.530553303722586e+24
	values[-6.00781940e+00 -3.98509351e+00 -1.68962114e+00 -7.47739003e+00
 -4.02854757e+00  3.02302333e-01 -9.53189245e-01  6.42485651e+00
  3.48409638e-08  4.16149250e-11 -6.73242018e-12]


person 17 error 5.474049494252491e+27
	values[-5.48904508e+00  3.64317459e+00 -4.35401102e+00  4.93390314e-02
 -4.45112286e+00  8.13236610e-05  2.26513883e+00 -9.01136753e+00
 -4.32772107e+00  4.16149250e-11 -6.73242018e-12]


person 18 error 5.651542483131269e+27
	values[ 3.38606292e+00 -2.39871337e+00 -6.21194106e+00 -6.38871925e+00
  6.55043878e+00  5.88965449e+00 -9.13643736e+00 -1.29823790e+00
  3.06485020e+00  6.16211455e-02 -6.73242018e-12]


person 19 error 2.581618064820303e+28
	values[ 0.00000000e+00  1.57870159e+00  5.49820588e+00  9.29476167e+00
  5.58050006e-01  8.13236610e-05 -1.70993242e+00 -9.64147300e-01
 -9.46543094e+00  4.16149250e-11 -6.73242018e-12]






********12*********
person 0 error 3705362.469604573
	values[ 0.00000000e+00  1.24031745e-01 -6.21194106e+00  4.93390314e-02
  3.81084816e-02  8.13236610e-05 -6.01876916e-05 -1.25158557e-07
  3.48409638e-08  4.16149250e-11 -6.73242018e-12]


person 1 error 3705362.469604573
	values[ 0.00000000e+00  1.24031745e-01 -6.21194106e+00  4.93390314e-02
  3.81084816e-02  8.13236610e-05 -6.01876916e-05 -1.25158557e-07
  3.48409638e-08  4.16149250e-11 -6.73242018e-12]


person 2 error 3705362.469604573
	values[ 0.00000000e+00  1.24031745e-01 -6.21194106e+00  4.93390314e-02
  3.81084816e-02  8.13236610e-05 -6.01876916e-05 -1.25158557e-07
  3.48409638e-08  4.16149250e-11 -6.73242018e-12]


person 3 error 3705362.469604573
	values[ 0.00000000e+00  1.24031745e-01 -6.21194106e+00  4.93390314e-02
  3.81084816e-02  8.13236610e-05 -6.01876916e-05 -1.25158557e-07
  3.48409638e-08  4.16149250e-11 -6.73242018e-12]


person 4 error 3705362.469604573
	values[ 0.00000000e+00  1.24031745e-01 -6.21194106e+00  4.93390314e-02
  3.81084816e-02  8.13236610e-05 -6.01876916e-05 -1.25158557e-07
  3.48409638e-08  4.16149250e-11 -6.73242018e-12]


person 5 error 3705362.469604573
	values[ 0.00000000e+00  1.24031745e-01 -6.21194106e+00  4.93390314e-02
  3.81084816e-02  8.13236610e-05 -6.01876916e-05 -1.25158557e-07
  3.48409638e-08  4.16149250e-11 -6.73242018e-12]


person 6 error 3705362.469604573
	values[ 0.00000000e+00  1.24031745e-01 -6.21194106e+00  4.93390314e-02
  3.81084816e-02  8.13236610e-05 -6.01876916e-05 -1.25158557e-07
  3.48409638e-08  4.16149250e-11 -6.73242018e-12]


person 7 error 3705362.469604573
	values[ 0.00000000e+00  1.24031745e-01 -6.21194106e+00  4.93390314e-02
  3.81084816e-02  8.13236610e-05 -6.01876916e-05 -1.25158557e-07
  3.48409638e-08  4.16149250e-11 -6.73242018e-12]


person 8 error 3705362.469604573
	values[ 0.00000000e+00  1.24031745e-01 -6.21194106e+00  4.93390314e-02
  3.81084816e-02  8.13236610e-05 -6.01876916e-05 -1.25158557e-07
  3.48409638e-08  4.16149250e-11 -6.73242018e-12]


person 9 error 3714071.8816572283
	values[-8.17776911e+00  1.24031745e-01 -6.21194106e+00  4.93390314e-02
  3.81084816e-02  8.13236610e-05 -6.01876916e-05 -1.25158557e-07
  3.48409638e-08  4.16149250e-11 -6.73242018e-12]


person 10 error 28504634114.38942
	values[ 0.00000000e+00  1.24031745e-01 -6.21194106e+00 -1.96349428e+00
  3.81084816e-02  8.13236610e-05 -6.01876916e-05 -1.25158557e-07
  3.48409638e-08  4.16149250e-11 -6.73242018e-12]


person 11 error 1297749368914032.2
	values[ 0.00000000e+00  1.24031745e-01 -6.21194106e+00  4.93390314e-02
  9.53908059e+00  8.13236610e-05 -6.01876916e-05 -1.25158557e-07
  3.48409638e-08  4.16149250e-11 -6.73242018e-12]


person 12 error 3.305714200871099e+17
	values[ 0.00000000e+00  1.24031745e-01 -6.21194106e+00  4.93390314e-02
  3.81084816e-02 -3.32614168e+00 -6.01876916e-05 -1.25158557e-07
  3.48409638e-08  4.16149250e-11 -6.73242018e-12]


person 13 error 9.215010513145556e+17
	values[ 0.00000000e+00  1.24031745e-01 -6.21194106e+00  4.93390314e-02
  3.81084816e-02  5.55356988e+00 -6.01876916e-05 -1.25158557e-07
  3.48409638e-08  4.16149250e-11 -6.73242018e-12]


person 14 error 2.8033249396180283e+24
	values[-2.02458628e+00 -3.05931290e+00 -6.21194106e+00 -4.38088348e+00
  3.81084816e-02  1.11812703e+00 -6.01876916e-05 -4.57226296e+00
  3.48409638e-08  4.16149250e-11 -6.73242018e-12]


person 15 error 5.530553303722586e+24
	values[-6.00781940e+00 -3.98509351e+00 -1.68962114e+00 -7.47739003e+00
 -4.02854757e+00  3.02302333e-01 -9.53189245e-01  6.42485651e+00
  3.48409638e-08  4.16149250e-11 -6.73242018e-12]


person 16 error 5.474049494252491e+27
	values[-5.48904508e+00  3.64317459e+00 -4.35401102e+00  4.93390314e-02
 -4.45112286e+00  8.13236610e-05  2.26513883e+00 -9.01136753e+00
 -4.32772107e+00  4.16149250e-11 -6.73242018e-12]


person 17 error 5.651542483131269e+27
	values[ 3.38606292e+00 -2.39871337e+00 -6.21194106e+00 -6.38871925e+00
  6.55043878e+00  5.88965449e+00 -9.13643736e+00 -1.29823790e+00
  3.06485020e+00  6.16211455e-02 -6.73242018e-12]


person 18 error 4.439421552089108e+31
	values[ 5.37505264e+00  1.24031745e-01 -6.21194106e+00 -3.70030550e+00
 -6.59533323e-01 -7.56536850e+00 -6.01876916e-05 -1.25158557e-07
  3.48409638e-08  8.44884608e+00 -6.73242018e-12]


person 19 error 4.560678355375653e+31
	values[ 9.21931037e+00  4.69698504e-01  8.93699243e-01 -4.24772895e+00
 -3.43319406e+00  8.13236610e-05  7.57332594e+00  5.79492591e+00
  5.64021994e+00  8.54436417e+00 -6.73242018e-12]






********13*********
person 0 error 3705362.469604573
	values[ 0.00000000e+00  1.24031745e-01 -6.21194106e+00  4.93390314e-02
  3.81084816e-02  8.13236610e-05 -6.01876916e-05 -1.25158557e-07
  3.48409638e-08  4.16149250e-11 -6.73242018e-12]


person 1 error 3705362.469604573
	values[ 0.00000000e+00  1.24031745e-01 -6.21194106e+00  4.93390314e-02
  3.81084816e-02  8.13236610e-05 -6.01876916e-05 -1.25158557e-07
  3.48409638e-08  4.16149250e-11 -6.73242018e-12]


person 2 error 3705362.469604573
	values[ 0.00000000e+00  1.24031745e-01 -6.21194106e+00  4.93390314e-02
  3.81084816e-02  8.13236610e-05 -6.01876916e-05 -1.25158557e-07
  3.48409638e-08  4.16149250e-11 -6.73242018e-12]


person 3 error 3705362.469604573
	values[ 0.00000000e+00  1.24031745e-01 -6.21194106e+00  4.93390314e-02
  3.81084816e-02  8.13236610e-05 -6.01876916e-05 -1.25158557e-07
  3.48409638e-08  4.16149250e-11 -6.73242018e-12]


person 4 error 3705362.469604573
	values[ 0.00000000e+00  1.24031745e-01 -6.21194106e+00  4.93390314e-02
  3.81084816e-02  8.13236610e-05 -6.01876916e-05 -1.25158557e-07
  3.48409638e-08  4.16149250e-11 -6.73242018e-12]


person 5 error 3705362.469604573
	values[ 0.00000000e+00  1.24031745e-01 -6.21194106e+00  4.93390314e-02
  3.81084816e-02  8.13236610e-05 -6.01876916e-05 -1.25158557e-07
  3.48409638e-08  4.16149250e-11 -6.73242018e-12]


person 6 error 3705362.469604573
	values[ 0.00000000e+00  1.24031745e-01 -6.21194106e+00  4.93390314e-02
  3.81084816e-02  8.13236610e-05 -6.01876916e-05 -1.25158557e-07
  3.48409638e-08  4.16149250e-11 -6.73242018e-12]


person 7 error 3705362.469604573
	values[ 0.00000000e+00  1.24031745e-01 -6.21194106e+00  4.93390314e-02
  3.81084816e-02  8.13236610e-05 -6.01876916e-05 -1.25158557e-07
  3.48409638e-08  4.16149250e-11 -6.73242018e-12]


person 8 error 3705362.469604573
	values[ 0.00000000e+00  1.24031745e-01 -6.21194106e+00  4.93390314e-02
  3.81084816e-02  8.13236610e-05 -6.01876916e-05 -1.25158557e-07
  3.48409638e-08  4.16149250e-11 -6.73242018e-12]


person 9 error 3714071.8816572283
	values[-8.17776911e+00  1.24031745e-01 -6.21194106e+00  4.93390314e-02
  3.81084816e-02  8.13236610e-05 -6.01876916e-05 -1.25158557e-07
  3.48409638e-08  4.16149250e-11 -6.73242018e-12]


person 10 error 28504634114.38942
	values[ 0.00000000e+00  1.24031745e-01 -6.21194106e+00 -1.96349428e+00
  3.81084816e-02  8.13236610e-05 -6.01876916e-05 -1.25158557e-07
  3.48409638e-08  4.16149250e-11 -6.73242018e-12]


person 11 error 1297749368914032.2
	values[ 0.00000000e+00  1.24031745e-01 -6.21194106e+00  4.93390314e-02
  9.53908059e+00  8.13236610e-05 -6.01876916e-05 -1.25158557e-07
  3.48409638e-08  4.16149250e-11 -6.73242018e-12]


person 12 error 3.305714200871099e+17
	values[ 0.00000000e+00  1.24031745e-01 -6.21194106e+00  4.93390314e-02
  3.81084816e-02 -3.32614168e+00 -6.01876916e-05 -1.25158557e-07
  3.48409638e-08  4.16149250e-11 -6.73242018e-12]


person 13 error 2.8033249396180283e+24
	values[-2.02458628e+00 -3.05931290e+00 -6.21194106e+00 -4.38088348e+00
  3.81084816e-02  1.11812703e+00 -6.01876916e-05 -4.57226296e+00
  3.48409638e-08  4.16149250e-11 -6.73242018e-12]


person 14 error 5.530553303722586e+24
	values[-6.00781940e+00 -3.98509351e+00 -1.68962114e+00 -7.47739003e+00
 -4.02854757e+00  3.02302333e-01 -9.53189245e-01  6.42485651e+00
  3.48409638e-08  4.16149250e-11 -6.73242018e-12]


person 15 error 4.670038756842938e+27
	values[-7.70991082e+00  1.24031745e-01 -6.21194106e+00 -8.99276434e+00
  4.60783665e-01  7.29032691e+00  1.16286652e+00  9.83074438e+00
 -4.05483240e+00  4.16149250e-11 -6.73242018e-12]


person 16 error 5.474049494252491e+27
	values[-5.48904508e+00  3.64317459e+00 -4.35401102e+00  4.93390314e-02
 -4.45112286e+00  8.13236610e-05  2.26513883e+00 -9.01136753e+00
 -4.32772107e+00  4.16149250e-11 -6.73242018e-12]


person 17 error 7.627760464019474e+30
	values[-4.21060103e+00  1.24031745e-01 -3.23660325e+00  7.61328213e+00
  3.81084816e-02  7.36701580e+00 -6.01876916e-05 -4.66378104e+00
  3.48409638e-08  3.50429048e+00 -6.73242018e-12]


person 18 error 8.607125289736643e+32
	values[ 0.00000000e+00  1.24031745e-01 -2.73716429e+00  4.93390314e-02
  6.34802218e+00  8.13236610e-05 -8.34978945e+00  8.18062443e+00
  3.48409638e-08  4.16149250e-11  7.98339193e-01]


person 19 error 1.0994920707727592e+34
	values[ 3.22313232  0.12403175 -7.88858482 -5.67501459 -6.33263799 -5.80743704
 -7.62000579 -6.20419963  4.24430313  0.72092246 -2.8569036 ]






********14*********
person 0 error 3705362.469604573
	values[ 0.00000000e+00  1.24031745e-01 -6.21194106e+00  4.93390314e-02
  3.81084816e-02  8.13236610e-05 -6.01876916e-05 -1.25158557e-07
  3.48409638e-08  4.16149250e-11 -6.73242018e-12]


person 1 error 3705362.469604573
	values[ 0.00000000e+00  1.24031745e-01 -6.21194106e+00  4.93390314e-02
  3.81084816e-02  8.13236610e-05 -6.01876916e-05 -1.25158557e-07
  3.48409638e-08  4.16149250e-11 -6.73242018e-12]


person 2 error 3705362.469604573
	values[ 0.00000000e+00  1.24031745e-01 -6.21194106e+00  4.93390314e-02
  3.81084816e-02  8.13236610e-05 -6.01876916e-05 -1.25158557e-07
  3.48409638e-08  4.16149250e-11 -6.73242018e-12]


person 3 error 3705362.469604573
	values[ 0.00000000e+00  1.24031745e-01 -6.21194106e+00  4.93390314e-02
  3.81084816e-02  8.13236610e-05 -6.01876916e-05 -1.25158557e-07
  3.48409638e-08  4.16149250e-11 -6.73242018e-12]


person 4 error 3705362.469604573
	values[ 0.00000000e+00  1.24031745e-01 -6.21194106e+00  4.93390314e-02
  3.81084816e-02  8.13236610e-05 -6.01876916e-05 -1.25158557e-07
  3.48409638e-08  4.16149250e-11 -6.73242018e-12]


person 5 error 3705362.469604573
	values[ 0.00000000e+00  1.24031745e-01 -6.21194106e+00  4.93390314e-02
  3.81084816e-02  8.13236610e-05 -6.01876916e-05 -1.25158557e-07
  3.48409638e-08  4.16149250e-11 -6.73242018e-12]


person 6 error 3705362.469604573
	values[ 0.00000000e+00  1.24031745e-01 -6.21194106e+00  4.93390314e-02
  3.81084816e-02  8.13236610e-05 -6.01876916e-05 -1.25158557e-07
  3.48409638e-08  4.16149250e-11 -6.73242018e-12]


person 7 error 3705362.469604573
	values[ 0.00000000e+00  1.24031745e-01 -6.21194106e+00  4.93390314e-02
  3.81084816e-02  8.13236610e-05 -6.01876916e-05 -1.25158557e-07
  3.48409638e-08  4.16149250e-11 -6.73242018e-12]


person 8 error 3705362.469604573
	values[ 0.00000000e+00  1.24031745e-01 -6.21194106e+00  4.93390314e-02
  3.81084816e-02  8.13236610e-05 -6.01876916e-05 -1.25158557e-07
  3.48409638e-08  4.16149250e-11 -6.73242018e-12]


person 9 error 3714071.8816572283
	values[-8.17776911e+00  1.24031745e-01 -6.21194106e+00  4.93390314e-02
  3.81084816e-02  8.13236610e-05 -6.01876916e-05 -1.25158557e-07
  3.48409638e-08  4.16149250e-11 -6.73242018e-12]


person 10 error 28504634114.38942
	values[ 0.00000000e+00  1.24031745e-01 -6.21194106e+00 -1.96349428e+00
  3.81084816e-02  8.13236610e-05 -6.01876916e-05 -1.25158557e-07
  3.48409638e-08  4.16149250e-11 -6.73242018e-12]


person 11 error 1297749368914032.2
	values[ 0.00000000e+00  1.24031745e-01 -6.21194106e+00  4.93390314e-02
  9.53908059e+00  8.13236610e-05 -6.01876916e-05 -1.25158557e-07
  3.48409638e-08  4.16149250e-11 -6.73242018e-12]


person 12 error 3.305714200871099e+17
	values[ 0.00000000e+00  1.24031745e-01 -6.21194106e+00  4.93390314e-02
  3.81084816e-02 -3.32614168e+00 -6.01876916e-05 -1.25158557e-07
  3.48409638e-08  4.16149250e-11 -6.73242018e-12]


person 13 error 2.8033249396180283e+24
	values[-2.02458628e+00 -3.05931290e+00 -6.21194106e+00 -4.38088348e+00
  3.81084816e-02  1.11812703e+00 -6.01876916e-05 -4.57226296e+00
  3.48409638e-08  4.16149250e-11 -6.73242018e-12]


person 14 error 4.670038756842938e+27
	values[-7.70991082e+00  1.24031745e-01 -6.21194106e+00 -8.99276434e+00
  4.60783665e-01  7.29032691e+00  1.16286652e+00  9.83074438e+00
 -4.05483240e+00  4.16149250e-11 -6.73242018e-12]


person 15 error 5.474049494252491e+27
	values[-5.48904508e+00  3.64317459e+00 -4.35401102e+00  4.93390314e-02
 -4.45112286e+00  8.13236610e-05  2.26513883e+00 -9.01136753e+00
 -4.32772107e+00  4.16149250e-11 -6.73242018e-12]


person 16 error 6.692211315756967e+28
	values[ 2.02761669e+00  5.28566749e+00 -6.21194106e+00 -2.03745737e+00
 -6.01985077e+00  8.13236610e-05  2.29286122e+00 -1.25158557e-07
  3.82598505e+00  3.07157920e-01 -6.73242018e-12]


person 17 error 2.1206792465927012e+30
	values[ 3.00325205e+00 -2.39414115e+00 -6.21194106e+00 -5.31669972e+00
  3.81084816e-02  8.13236610e-05  2.67935532e+00 -1.25158557e-07
  4.35961635e+00 -1.85626866e+00 -6.73242018e-12]


person 18 error 1.7284939731993053e+31
	values[ 4.99142909e+00  4.35220327e+00  1.43059264e+00 -7.70859801e+00
  3.37128744e+00  8.13236610e-05 -6.01876916e-05 -1.25158557e-07
  3.50845153e+00 -5.28104915e+00 -6.73242018e-12]


person 19 error 8.607125289736643e+32
	values[ 0.00000000e+00  1.24031745e-01 -2.73716429e+00  4.93390314e-02
  6.34802218e+00  8.13236610e-05 -8.34978945e+00  8.18062443e+00
  3.48409638e-08  4.16149250e-11  7.98339193e-01]






********15*********
person 0 error 3705362.469604573
	values[ 0.00000000e+00  1.24031745e-01 -6.21194106e+00  4.93390314e-02
  3.81084816e-02  8.13236610e-05 -6.01876916e-05 -1.25158557e-07
  3.48409638e-08  4.16149250e-11 -6.73242018e-12]


person 1 error 3705362.469604573
	values[ 0.00000000e+00  1.24031745e-01 -6.21194106e+00  4.93390314e-02
  3.81084816e-02  8.13236610e-05 -6.01876916e-05 -1.25158557e-07
  3.48409638e-08  4.16149250e-11 -6.73242018e-12]


person 2 error 3705362.469604573
	values[ 0.00000000e+00  1.24031745e-01 -6.21194106e+00  4.93390314e-02
  3.81084816e-02  8.13236610e-05 -6.01876916e-05 -1.25158557e-07
  3.48409638e-08  4.16149250e-11 -6.73242018e-12]


person 3 error 3705362.469604573
	values[ 0.00000000e+00  1.24031745e-01 -6.21194106e+00  4.93390314e-02
  3.81084816e-02  8.13236610e-05 -6.01876916e-05 -1.25158557e-07
  3.48409638e-08  4.16149250e-11 -6.73242018e-12]


person 4 error 3705362.469604573
	values[ 0.00000000e+00  1.24031745e-01 -6.21194106e+00  4.93390314e-02
  3.81084816e-02  8.13236610e-05 -6.01876916e-05 -1.25158557e-07
  3.48409638e-08  4.16149250e-11 -6.73242018e-12]


person 5 error 3705362.469604573
	values[ 0.00000000e+00  1.24031745e-01 -6.21194106e+00  4.93390314e-02
  3.81084816e-02  8.13236610e-05 -6.01876916e-05 -1.25158557e-07
  3.48409638e-08  4.16149250e-11 -6.73242018e-12]


person 6 error 3705362.469604573
	values[ 0.00000000e+00  1.24031745e-01 -6.21194106e+00  4.93390314e-02
  3.81084816e-02  8.13236610e-05 -6.01876916e-05 -1.25158557e-07
  3.48409638e-08  4.16149250e-11 -6.73242018e-12]


person 7 error 3705362.469604573
	values[ 0.00000000e+00  1.24031745e-01 -6.21194106e+00  4.93390314e-02
  3.81084816e-02  8.13236610e-05 -6.01876916e-05 -1.25158557e-07
  3.48409638e-08  4.16149250e-11 -6.73242018e-12]


person 8 error 3705362.469604573
	values[ 0.00000000e+00  1.24031745e-01 -6.21194106e+00  4.93390314e-02
  3.81084816e-02  8.13236610e-05 -6.01876916e-05 -1.25158557e-07
  3.48409638e-08  4.16149250e-11 -6.73242018e-12]


person 9 error 3714071.8816572283
	values[-8.17776911e+00  1.24031745e-01 -6.21194106e+00  4.93390314e-02
  3.81084816e-02  8.13236610e-05 -6.01876916e-05 -1.25158557e-07
  3.48409638e-08  4.16149250e-11 -6.73242018e-12]


person 10 error 28504634114.38942
	values[ 0.00000000e+00  1.24031745e-01 -6.21194106e+00 -1.96349428e+00
  3.81084816e-02  8.13236610e-05 -6.01876916e-05 -1.25158557e-07
  3.48409638e-08  4.16149250e-11 -6.73242018e-12]


person 11 error 1297749368914032.2
	values[ 0.00000000e+00  1.24031745e-01 -6.21194106e+00  4.93390314e-02
  9.53908059e+00  8.13236610e-05 -6.01876916e-05 -1.25158557e-07
  3.48409638e-08  4.16149250e-11 -6.73242018e-12]


person 12 error 3.305714200871099e+17
	values[ 0.00000000e+00  1.24031745e-01 -6.21194106e+00  4.93390314e-02
  3.81084816e-02 -3.32614168e+00 -6.01876916e-05 -1.25158557e-07
  3.48409638e-08  4.16149250e-11 -6.73242018e-12]


person 13 error 2.8033249396180283e+24
	values[-2.02458628e+00 -3.05931290e+00 -6.21194106e+00 -4.38088348e+00
  3.81084816e-02  1.11812703e+00 -6.01876916e-05 -4.57226296e+00
  3.48409638e-08  4.16149250e-11 -6.73242018e-12]


person 14 error 6.323294844280053e+25
	values[ 9.84327672e+00 -7.07223540e+00  2.33226798e+00 -6.34918392e+00
  3.81084816e-02  3.40428206e+00  2.67161894e-01  3.51105383e+00
 -4.74261327e-01  4.16149250e-11 -6.73242018e-12]


person 15 error 2.51327871772644e+27
	values[ 0.00000000e+00 -8.31455959e-01 -6.21194106e+00 -9.38303826e+00
  3.81084816e-02  1.87214748e+00 -5.16905887e+00 -9.98113478e+00
 -2.91177574e+00  4.16149250e-11 -6.73242018e-12]


person 16 error 4.670038756842938e+27
	values[-7.70991082e+00  1.24031745e-01 -6.21194106e+00 -8.99276434e+00
  4.60783665e-01  7.29032691e+00  1.16286652e+00  9.83074438e+00
 -4.05483240e+00  4.16149250e-11 -6.73242018e-12]


person 17 error 1.5328735103552345e+28
	values[ 2.51011526e-01 -4.00930619e+00  2.58681768e+00 -5.70068022e+00
 -4.21828929e+00  4.85466896e-01 -6.55113473e-01 -9.60445749e+00
  7.32567792e+00  4.16149250e-11 -6.73242018e-12]


person 18 error 6.692211315756967e+28
	values[ 2.02761669e+00  5.28566749e+00 -6.21194106e+00 -2.03745737e+00
 -6.01985077e+00  8.13236610e-05  2.29286122e+00 -1.25158557e-07
  3.82598505e+00  3.07157920e-01 -6.73242018e-12]


person 19 error 1.826803179745214e+31
	values[-6.96367989e+00  7.71395520e+00  4.29940379e+00  4.93390314e-02
  3.81084816e-02  6.18207891e+00 -5.12989458e+00 -1.25158557e-07
  3.48409638e-08  5.41976577e+00 -6.73242018e-12]






********16*********
person 0 error 3705362.469604573
	values[ 0.00000000e+00  1.24031745e-01 -6.21194106e+00  4.93390314e-02
  3.81084816e-02  8.13236610e-05 -6.01876916e-05 -1.25158557e-07
  3.48409638e-08  4.16149250e-11 -6.73242018e-12]


person 1 error 3705362.469604573
	values[ 0.00000000e+00  1.24031745e-01 -6.21194106e+00  4.93390314e-02
  3.81084816e-02  8.13236610e-05 -6.01876916e-05 -1.25158557e-07
  3.48409638e-08  4.16149250e-11 -6.73242018e-12]


person 2 error 3705362.469604573
	values[ 0.00000000e+00  1.24031745e-01 -6.21194106e+00  4.93390314e-02
  3.81084816e-02  8.13236610e-05 -6.01876916e-05 -1.25158557e-07
  3.48409638e-08  4.16149250e-11 -6.73242018e-12]


person 3 error 3705362.469604573
	values[ 0.00000000e+00  1.24031745e-01 -6.21194106e+00  4.93390314e-02
  3.81084816e-02  8.13236610e-05 -6.01876916e-05 -1.25158557e-07
  3.48409638e-08  4.16149250e-11 -6.73242018e-12]


person 4 error 3705362.469604573
	values[ 0.00000000e+00  1.24031745e-01 -6.21194106e+00  4.93390314e-02
  3.81084816e-02  8.13236610e-05 -6.01876916e-05 -1.25158557e-07
  3.48409638e-08  4.16149250e-11 -6.73242018e-12]


person 5 error 3705362.469604573
	values[ 0.00000000e+00  1.24031745e-01 -6.21194106e+00  4.93390314e-02
  3.81084816e-02  8.13236610e-05 -6.01876916e-05 -1.25158557e-07
  3.48409638e-08  4.16149250e-11 -6.73242018e-12]


person 6 error 3705362.469604573
	values[ 0.00000000e+00  1.24031745e-01 -6.21194106e+00  4.93390314e-02
  3.81084816e-02  8.13236610e-05 -6.01876916e-05 -1.25158557e-07
  3.48409638e-08  4.16149250e-11 -6.73242018e-12]


person 7 error 3705362.469604573
	values[ 0.00000000e+00  1.24031745e-01 -6.21194106e+00  4.93390314e-02
  3.81084816e-02  8.13236610e-05 -6.01876916e-05 -1.25158557e-07
  3.48409638e-08  4.16149250e-11 -6.73242018e-12]


person 8 error 3705362.469604573
	values[ 0.00000000e+00  1.24031745e-01 -6.21194106e+00  4.93390314e-02
  3.81084816e-02  8.13236610e-05 -6.01876916e-05 -1.25158557e-07
  3.48409638e-08  4.16149250e-11 -6.73242018e-12]


person 9 error 3714071.8816572283
	values[-8.17776911e+00  1.24031745e-01 -6.21194106e+00  4.93390314e-02
  3.81084816e-02  8.13236610e-05 -6.01876916e-05 -1.25158557e-07
  3.48409638e-08  4.16149250e-11 -6.73242018e-12]


person 10 error 28504634114.38942
	values[ 0.00000000e+00  1.24031745e-01 -6.21194106e+00 -1.96349428e+00
  3.81084816e-02  8.13236610e-05 -6.01876916e-05 -1.25158557e-07
  3.48409638e-08  4.16149250e-11 -6.73242018e-12]


person 11 error 1297749368914032.2
	values[ 0.00000000e+00  1.24031745e-01 -6.21194106e+00  4.93390314e-02
  9.53908059e+00  8.13236610e-05 -6.01876916e-05 -1.25158557e-07
  3.48409638e-08  4.16149250e-11 -6.73242018e-12]


person 12 error 3.305714200871099e+17
	values[ 0.00000000e+00  1.24031745e-01 -6.21194106e+00  4.93390314e-02
  3.81084816e-02 -3.32614168e+00 -6.01876916e-05 -1.25158557e-07
  3.48409638e-08  4.16149250e-11 -6.73242018e-12]


person 13 error 2.8033249396180283e+24
	values[-2.02458628e+00 -3.05931290e+00 -6.21194106e+00 -4.38088348e+00
  3.81084816e-02  1.11812703e+00 -6.01876916e-05 -4.57226296e+00
  3.48409638e-08  4.16149250e-11 -6.73242018e-12]


person 14 error 6.323294844280053e+25
	values[ 9.84327672e+00 -7.07223540e+00  2.33226798e+00 -6.34918392e+00
  3.81084816e-02  3.40428206e+00  2.67161894e-01  3.51105383e+00
 -4.74261327e-01  4.16149250e-11 -6.73242018e-12]


person 15 error 2.51327871772644e+27
	values[ 0.00000000e+00 -8.31455959e-01 -6.21194106e+00 -9.38303826e+00
  3.81084816e-02  1.87214748e+00 -5.16905887e+00 -9.98113478e+00
 -2.91177574e+00  4.16149250e-11 -6.73242018e-12]


person 16 error 4.670038756842938e+27
	values[-7.70991082e+00  1.24031745e-01 -6.21194106e+00 -8.99276434e+00
  4.60783665e-01  7.29032691e+00  1.16286652e+00  9.83074438e+00
 -4.05483240e+00  4.16149250e-11 -6.73242018e-12]


person 17 error 1.4477644927017145e+28
	values[ 0.00000000e+00  9.72779504e+00 -6.21194106e+00  9.26890944e+00
  3.80852581e+00 -4.25108277e+00 -6.01876916e-05 -4.96601580e+00
  6.35212902e+00  5.49483151e-02 -6.73242018e-12]


person 18 error 5.372212850464045e+30
	values[ 0.00000000e+00  1.24031745e-01 -6.21194106e+00  4.93390314e-02
 -3.89403015e+00 -8.81815609e+00 -7.74998344e-01  2.68968405e+00
  7.12428775e+00 -2.95601782e+00 -6.73242018e-12]


person 19 error 3.6365337961038055e+33
	values[-7.08983767e+00 -2.56152970e+00 -6.87298590e+00 -8.75424971e+00
  6.64753302e+00  8.13236610e-05 -6.01876916e-05 -1.25158557e-07
  3.48409638e-08  4.64789601e-01  1.63991717e+00]






********17*********
person 0 error 3705362.469604573
	values[ 0.00000000e+00  1.24031745e-01 -6.21194106e+00  4.93390314e-02
  3.81084816e-02  8.13236610e-05 -6.01876916e-05 -1.25158557e-07
  3.48409638e-08  4.16149250e-11 -6.73242018e-12]


person 1 error 3705362.469604573
	values[ 0.00000000e+00  1.24031745e-01 -6.21194106e+00  4.93390314e-02
  3.81084816e-02  8.13236610e-05 -6.01876916e-05 -1.25158557e-07
  3.48409638e-08  4.16149250e-11 -6.73242018e-12]


person 2 error 3705362.469604573
	values[ 0.00000000e+00  1.24031745e-01 -6.21194106e+00  4.93390314e-02
  3.81084816e-02  8.13236610e-05 -6.01876916e-05 -1.25158557e-07
  3.48409638e-08  4.16149250e-11 -6.73242018e-12]


person 3 error 3705362.469604573
	values[ 0.00000000e+00  1.24031745e-01 -6.21194106e+00  4.93390314e-02
  3.81084816e-02  8.13236610e-05 -6.01876916e-05 -1.25158557e-07
  3.48409638e-08  4.16149250e-11 -6.73242018e-12]


person 4 error 3705362.469604573
	values[ 0.00000000e+00  1.24031745e-01 -6.21194106e+00  4.93390314e-02
  3.81084816e-02  8.13236610e-05 -6.01876916e-05 -1.25158557e-07
  3.48409638e-08  4.16149250e-11 -6.73242018e-12]


person 5 error 3705362.469604573
	values[ 0.00000000e+00  1.24031745e-01 -6.21194106e+00  4.93390314e-02
  3.81084816e-02  8.13236610e-05 -6.01876916e-05 -1.25158557e-07
  3.48409638e-08  4.16149250e-11 -6.73242018e-12]


person 6 error 3705362.469604573
	values[ 0.00000000e+00  1.24031745e-01 -6.21194106e+00  4.93390314e-02
  3.81084816e-02  8.13236610e-05 -6.01876916e-05 -1.25158557e-07
  3.48409638e-08  4.16149250e-11 -6.73242018e-12]


person 7 error 3705362.469604573
	values[ 0.00000000e+00  1.24031745e-01 -6.21194106e+00  4.93390314e-02
  3.81084816e-02  8.13236610e-05 -6.01876916e-05 -1.25158557e-07
  3.48409638e-08  4.16149250e-11 -6.73242018e-12]


person 8 error 3705362.469604573
	values[ 0.00000000e+00  1.24031745e-01 -6.21194106e+00  4.93390314e-02
  3.81084816e-02  8.13236610e-05 -6.01876916e-05 -1.25158557e-07
  3.48409638e-08  4.16149250e-11 -6.73242018e-12]


person 9 error 3714071.8816572283
	values[-8.17776911e+00  1.24031745e-01 -6.21194106e+00  4.93390314e-02
  3.81084816e-02  8.13236610e-05 -6.01876916e-05 -1.25158557e-07
  3.48409638e-08  4.16149250e-11 -6.73242018e-12]


person 10 error 28504634114.38942
	values[ 0.00000000e+00  1.24031745e-01 -6.21194106e+00 -1.96349428e+00
  3.81084816e-02  8.13236610e-05 -6.01876916e-05 -1.25158557e-07
  3.48409638e-08  4.16149250e-11 -6.73242018e-12]


person 11 error 1297749368914032.2
	values[ 0.00000000e+00  1.24031745e-01 -6.21194106e+00  4.93390314e-02
  9.53908059e+00  8.13236610e-05 -6.01876916e-05 -1.25158557e-07
  3.48409638e-08  4.16149250e-11 -6.73242018e-12]


person 12 error 3.305714200871099e+17
	values[ 0.00000000e+00  1.24031745e-01 -6.21194106e+00  4.93390314e-02
  3.81084816e-02 -3.32614168e+00 -6.01876916e-05 -1.25158557e-07
  3.48409638e-08  4.16149250e-11 -6.73242018e-12]


person 13 error 2.8033249396180283e+24
	values[-2.02458628e+00 -3.05931290e+00 -6.21194106e+00 -4.38088348e+00
  3.81084816e-02  1.11812703e+00 -6.01876916e-05 -4.57226296e+00
  3.48409638e-08  4.16149250e-11 -6.73242018e-12]


person 14 error 3.2301269190855405e+24
	values[ 0.00000000e+00  8.05280986e+00 -6.21194106e+00  8.77419330e+00
  2.70017993e+00  8.13236610e-05  7.16309884e+00 -4.93235636e+00
  3.48409638e-08  4.16149250e-11 -6.73242018e-12]


person 15 error 6.323294844280053e+25
	values[ 9.84327672e+00 -7.07223540e+00  2.33226798e+00 -6.34918392e+00
  3.81084816e-02  3.40428206e+00  2.67161894e-01  3.51105383e+00
 -4.74261327e-01  4.16149250e-11 -6.73242018e-12]


person 16 error 2.51327871772644e+27
	values[ 0.00000000e+00 -8.31455959e-01 -6.21194106e+00 -9.38303826e+00
  3.81084816e-02  1.87214748e+00 -5.16905887e+00 -9.98113478e+00
 -2.91177574e+00  4.16149250e-11 -6.73242018e-12]


person 17 error 4.670038756842938e+27
	values[-7.70991082e+00  1.24031745e-01 -6.21194106e+00 -8.99276434e+00
  4.60783665e-01  7.29032691e+00  1.16286652e+00  9.83074438e+00
 -4.05483240e+00  4.16149250e-11 -6.73242018e-12]


person 18 error 5.372212850464045e+30
	values[ 0.00000000e+00  1.24031745e-01 -6.21194106e+00  4.93390314e-02
 -3.89403015e+00 -8.81815609e+00 -7.74998344e-01  2.68968405e+00
  7.12428775e+00 -2.95601782e+00 -6.73242018e-12]


person 19 error 2.231685904992253e+31
	values[ 0.00000000e+00  3.41959870e-01 -9.61480089e+00  5.76229193e+00
  7.89334017e+00 -2.83368658e+00 -6.01876916e-05 -6.75125088e+00
  3.48409638e-08  5.99345469e+00 -6.73242018e-12]






********18*********
person 0 error 3705362.469604573
	values[ 0.00000000e+00  1.24031745e-01 -6.21194106e+00  4.93390314e-02
  3.81084816e-02  8.13236610e-05 -6.01876916e-05 -1.25158557e-07
  3.48409638e-08  4.16149250e-11 -6.73242018e-12]


person 1 error 3705362.469604573
	values[ 0.00000000e+00  1.24031745e-01 -6.21194106e+00  4.93390314e-02
  3.81084816e-02  8.13236610e-05 -6.01876916e-05 -1.25158557e-07
  3.48409638e-08  4.16149250e-11 -6.73242018e-12]


person 2 error 3705362.469604573
	values[ 0.00000000e+00  1.24031745e-01 -6.21194106e+00  4.93390314e-02
  3.81084816e-02  8.13236610e-05 -6.01876916e-05 -1.25158557e-07
  3.48409638e-08  4.16149250e-11 -6.73242018e-12]


person 3 error 3705362.469604573
	values[ 0.00000000e+00  1.24031745e-01 -6.21194106e+00  4.93390314e-02
  3.81084816e-02  8.13236610e-05 -6.01876916e-05 -1.25158557e-07
  3.48409638e-08  4.16149250e-11 -6.73242018e-12]


person 4 error 3705362.469604573
	values[ 0.00000000e+00  1.24031745e-01 -6.21194106e+00  4.93390314e-02
  3.81084816e-02  8.13236610e-05 -6.01876916e-05 -1.25158557e-07
  3.48409638e-08  4.16149250e-11 -6.73242018e-12]


person 5 error 3705362.469604573
	values[ 0.00000000e+00  1.24031745e-01 -6.21194106e+00  4.93390314e-02
  3.81084816e-02  8.13236610e-05 -6.01876916e-05 -1.25158557e-07
  3.48409638e-08  4.16149250e-11 -6.73242018e-12]


person 6 error 3705362.469604573
	values[ 0.00000000e+00  1.24031745e-01 -6.21194106e+00  4.93390314e-02
  3.81084816e-02  8.13236610e-05 -6.01876916e-05 -1.25158557e-07
  3.48409638e-08  4.16149250e-11 -6.73242018e-12]


person 7 error 3705362.469604573
	values[ 0.00000000e+00  1.24031745e-01 -6.21194106e+00  4.93390314e-02
  3.81084816e-02  8.13236610e-05 -6.01876916e-05 -1.25158557e-07
  3.48409638e-08  4.16149250e-11 -6.73242018e-12]


person 8 error 3705362.469604573
	values[ 0.00000000e+00  1.24031745e-01 -6.21194106e+00  4.93390314e-02
  3.81084816e-02  8.13236610e-05 -6.01876916e-05 -1.25158557e-07
  3.48409638e-08  4.16149250e-11 -6.73242018e-12]


person 9 error 3714071.8816572283
	values[-8.17776911e+00  1.24031745e-01 -6.21194106e+00  4.93390314e-02
  3.81084816e-02  8.13236610e-05 -6.01876916e-05 -1.25158557e-07
  3.48409638e-08  4.16149250e-11 -6.73242018e-12]


person 10 error 28504634114.38942
	values[ 0.00000000e+00  1.24031745e-01 -6.21194106e+00 -1.96349428e+00
  3.81084816e-02  8.13236610e-05 -6.01876916e-05 -1.25158557e-07
  3.48409638e-08  4.16149250e-11 -6.73242018e-12]


person 11 error 1297749368914032.2
	values[ 0.00000000e+00  1.24031745e-01 -6.21194106e+00  4.93390314e-02
  9.53908059e+00  8.13236610e-05 -6.01876916e-05 -1.25158557e-07
  3.48409638e-08  4.16149250e-11 -6.73242018e-12]


person 12 error 3.305714200871099e+17
	values[ 0.00000000e+00  1.24031745e-01 -6.21194106e+00  4.93390314e-02
  3.81084816e-02 -3.32614168e+00 -6.01876916e-05 -1.25158557e-07
  3.48409638e-08  4.16149250e-11 -6.73242018e-12]


person 13 error 2.8033249396180283e+24
	values[-2.02458628e+00 -3.05931290e+00 -6.21194106e+00 -4.38088348e+00
  3.81084816e-02  1.11812703e+00 -6.01876916e-05 -4.57226296e+00
  3.48409638e-08  4.16149250e-11 -6.73242018e-12]


person 14 error 3.2301269190855405e+24
	values[ 0.00000000e+00  8.05280986e+00 -6.21194106e+00  8.77419330e+00
  2.70017993e+00  8.13236610e-05  7.16309884e+00 -4.93235636e+00
  3.48409638e-08  4.16149250e-11 -6.73242018e-12]


person 15 error 6.323294844280053e+25
	values[ 9.84327672e+00 -7.07223540e+00  2.33226798e+00 -6.34918392e+00
  3.81084816e-02  3.40428206e+00  2.67161894e-01  3.51105383e+00
 -4.74261327e-01  4.16149250e-11 -6.73242018e-12]


person 16 error 2.51327871772644e+27
	values[ 0.00000000e+00 -8.31455959e-01 -6.21194106e+00 -9.38303826e+00
  3.81084816e-02  1.87214748e+00 -5.16905887e+00 -9.98113478e+00
 -2.91177574e+00  4.16149250e-11 -6.73242018e-12]


person 17 error 2.231685904992253e+31
	values[ 0.00000000e+00  3.41959870e-01 -9.61480089e+00  5.76229193e+00
  7.89334017e+00 -2.83368658e+00 -6.01876916e-05 -6.75125088e+00
  3.48409638e-08  5.99345469e+00 -6.73242018e-12]


person 18 error 2.0361946321929346e+32
	values[ 2.47086970e+00  3.82515986e+00  9.10091313e+00  9.33177049e+00
 -1.95069192e+00 -3.11954411e+00 -6.01876916e-05 -1.25158557e-07
 -2.01605680e+00  2.78077961e+00  3.78414061e-01]


person 19 error 2.2809967758123164e+32
	values[-9.49773729 -7.0722354  -5.24883707 -3.20528425  3.80545892  3.40428206
 -3.42705616 -7.94708723 -0.19835937 -2.55262322  0.41319637]






********19*********
person 0 error 3705362.469604573
	values[ 0.00000000e+00  1.24031745e-01 -6.21194106e+00  4.93390314e-02
  3.81084816e-02  8.13236610e-05 -6.01876916e-05 -1.25158557e-07
  3.48409638e-08  4.16149250e-11 -6.73242018e-12]


person 1 error 3705362.469604573
	values[ 0.00000000e+00  1.24031745e-01 -6.21194106e+00  4.93390314e-02
  3.81084816e-02  8.13236610e-05 -6.01876916e-05 -1.25158557e-07
  3.48409638e-08  4.16149250e-11 -6.73242018e-12]


person 2 error 3705362.469604573
	values[ 0.00000000e+00  1.24031745e-01 -6.21194106e+00  4.93390314e-02
  3.81084816e-02  8.13236610e-05 -6.01876916e-05 -1.25158557e-07
  3.48409638e-08  4.16149250e-11 -6.73242018e-12]


person 3 error 3705362.469604573
	values[ 0.00000000e+00  1.24031745e-01 -6.21194106e+00  4.93390314e-02
  3.81084816e-02  8.13236610e-05 -6.01876916e-05 -1.25158557e-07
  3.48409638e-08  4.16149250e-11 -6.73242018e-12]


person 4 error 3705362.469604573
	values[ 0.00000000e+00  1.24031745e-01 -6.21194106e+00  4.93390314e-02
  3.81084816e-02  8.13236610e-05 -6.01876916e-05 -1.25158557e-07
  3.48409638e-08  4.16149250e-11 -6.73242018e-12]


person 5 error 3705362.469604573
	values[ 0.00000000e+00  1.24031745e-01 -6.21194106e+00  4.93390314e-02
  3.81084816e-02  8.13236610e-05 -6.01876916e-05 -1.25158557e-07
  3.48409638e-08  4.16149250e-11 -6.73242018e-12]


person 6 error 3705362.469604573
	values[ 0.00000000e+00  1.24031745e-01 -6.21194106e+00  4.93390314e-02
  3.81084816e-02  8.13236610e-05 -6.01876916e-05 -1.25158557e-07
  3.48409638e-08  4.16149250e-11 -6.73242018e-12]


person 7 error 3705362.469604573
	values[ 0.00000000e+00  1.24031745e-01 -6.21194106e+00  4.93390314e-02
  3.81084816e-02  8.13236610e-05 -6.01876916e-05 -1.25158557e-07
  3.48409638e-08  4.16149250e-11 -6.73242018e-12]


person 8 error 3705362.469604573
	values[ 0.00000000e+00  1.24031745e-01 -6.21194106e+00  4.93390314e-02
  3.81084816e-02  8.13236610e-05 -6.01876916e-05 -1.25158557e-07
  3.48409638e-08  4.16149250e-11 -6.73242018e-12]


person 9 error 3714071.8816572283
	values[-8.17776911e+00  1.24031745e-01 -6.21194106e+00  4.93390314e-02
  3.81084816e-02  8.13236610e-05 -6.01876916e-05 -1.25158557e-07
  3.48409638e-08  4.16149250e-11 -6.73242018e-12]


person 10 error 28504634114.38942
	values[ 0.00000000e+00  1.24031745e-01 -6.21194106e+00 -1.96349428e+00
  3.81084816e-02  8.13236610e-05 -6.01876916e-05 -1.25158557e-07
  3.48409638e-08  4.16149250e-11 -6.73242018e-12]


person 11 error 1297749368914032.2
	values[ 0.00000000e+00  1.24031745e-01 -6.21194106e+00  4.93390314e-02
  9.53908059e+00  8.13236610e-05 -6.01876916e-05 -1.25158557e-07
  3.48409638e-08  4.16149250e-11 -6.73242018e-12]


person 12 error 3.305714200871099e+17
	values[ 0.00000000e+00  1.24031745e-01 -6.21194106e+00  4.93390314e-02
  3.81084816e-02 -3.32614168e+00 -6.01876916e-05 -1.25158557e-07
  3.48409638e-08  4.16149250e-11 -6.73242018e-12]


person 13 error 2.8033249396180283e+24
	values[-2.02458628e+00 -3.05931290e+00 -6.21194106e+00 -4.38088348e+00
  3.81084816e-02  1.11812703e+00 -6.01876916e-05 -4.57226296e+00
  3.48409638e-08  4.16149250e-11 -6.73242018e-12]


person 14 error 3.2301269190855405e+24
	values[ 0.00000000e+00  8.05280986e+00 -6.21194106e+00  8.77419330e+00
  2.70017993e+00  8.13236610e-05  7.16309884e+00 -4.93235636e+00
  3.48409638e-08  4.16149250e-11 -6.73242018e-12]


person 15 error 1.136152305890436e+25
	values[-5.36363141e+00 -7.26350992e+00 -3.21222141e+00  4.93390314e-02
 -8.56720617e+00 -9.19763644e+00  9.29141624e+00 -9.23264916e+00
  3.48409638e-08  4.16149250e-11 -6.73242018e-12]


person 16 error 6.323294844280053e+25
	values[ 9.84327672e+00 -7.07223540e+00  2.33226798e+00 -6.34918392e+00
  3.81084816e-02  3.40428206e+00  2.67161894e-01  3.51105383e+00
 -4.74261327e-01  4.16149250e-11 -6.73242018e-12]


person 17 error 1.7726686311029535e+30
	values[-5.64653746e+00 -6.38263274e+00  3.45093296e+00 -1.13622419e+00
  7.93410480e+00 -3.89232772e+00  6.26055563e+00  3.51105383e+00
  8.88231701e+00 -1.70372428e+00 -6.73242018e-12]


person 18 error 2.231685904992253e+31
	values[ 0.00000000e+00  3.41959870e-01 -9.61480089e+00  5.76229193e+00
  7.89334017e+00 -2.83368658e+00 -6.01876916e-05 -6.75125088e+00
  3.48409638e-08  5.99345469e+00 -6.73242018e-12]


person 19 error 5.489030801636677e+31
	values[-2.46719466e+00  1.24031745e-01  1.62694623e+00  7.53265223e+00
  3.81084816e-02 -4.71937194e+00 -1.32511285e+00  3.19855027e+00
  3.87434772e+00 -9.40647130e+00 -6.73242018e-12]


-------------------------------------------------------------------------------

Min error =  3705362.469604573 


Min error1 =  79569.63536912124 


Min error2 =  3625792.834235452 


sending

[ 0.00000000e+00  1.24031745e-01 -6.21194106e+00  4.93390314e-02
  3.81084816e-02  8.13236610e-05 -6.01876916e-05 -1.25158557e-07
  3.48409638e-08  4.16149250e-11 -6.73242018e-12]

was it successfully submitted? successfully submitted
Code finished
-------------------------------------------------------------------------------


