iteration=0
(0,0,0):-1=[0.]
(0,0,1):-1=[0.]
(0,0,2):-1=[0.]
(0,1,0):-1=[0.]
(0,1,1):-1=[0.]
(0,1,2):-1=[0.]
(0,2,0):-1=[0.]
(0,2,1):-1=[0.]
(0,2,2):-1=[0.]
(0,3,0):-1=[0.]
(0,3,1):-1=[0.]
(0,3,2):-1=[0.]
(1,0,0):RECHARGE=[-2.5]
(1,0,1):RECHARGE=[-2.5]
(1,0,2):DODGE=[-2.5]
(1,1,0):RECHARGE=[-2.5]
(1,1,1):SHOOT=[2.5]
(1,1,2):SHOOT=[2.5]
(1,2,0):RECHARGE=[-2.5]
(1,2,1):SHOOT=[2.5]
(1,2,2):SHOOT=[2.5]
(1,3,0):RECHARGE=[-2.5]
(1,3,1):SHOOT=[2.5]
(1,3,2):SHOOT=[2.5]
(2,0,0):RECHARGE=[-2.5]
(2,0,1):RECHARGE=[-2.5]
(2,0,2):RECHARGE=[-2.5]
(2,1,0):RECHARGE=[-2.5]
(2,1,1):RECHARGE=[-2.5]
(2,1,2):RECHARGE=[-2.5]
(2,2,0):RECHARGE=[-2.5]
(2,2,1):RECHARGE=[-2.5]
(2,2,2):SHOOT=[-2.5]
(2,3,0):RECHARGE=[-2.5]
(2,3,1):RECHARGE=[-2.5]
(2,3,2):SHOOT=[-2.5]
(3,0,0):RECHARGE=[-2.5]
(3,0,1):RECHARGE=[-2.5]
(3,0,2):RECHARGE=[-2.5]
(3,1,0):RECHARGE=[-2.5]
(3,1,1):RECHARGE=[-2.5]
(3,1,2):RECHARGE=[-2.5]
(3,2,0):RECHARGE=[-2.5]
(3,2,1):RECHARGE=[-2.5]
(3,2,2):RECHARGE=[-2.5]
(3,3,0):RECHARGE=[-2.5]
(3,3,1):RECHARGE=[-2.5]
(3,3,2):RECHARGE=[-2.5]
(4,0,0):RECHARGE=[-2.5]
(4,0,1):RECHARGE=[-2.5]
(4,0,2):RECHARGE=[-2.5]
(4,1,0):RECHARGE=[-2.5]
(4,1,1):RECHARGE=[-2.5]
(4,1,2):RECHARGE=[-2.5]
(4,2,0):RECHARGE=[-2.5]
(4,2,1):RECHARGE=[-2.5]
(4,2,2):RECHARGE=[-2.5]
(4,3,0):RECHARGE=[-2.5]
(4,3,1):RECHARGE=[-2.5]
(4,3,2):RECHARGE=[-2.5]


iteration=1
(0,0,0):-1=[0.]
(0,0,1):-1=[0.]
(0,0,2):-1=[0.]
(0,1,0):-1=[0.]
(0,1,1):-1=[0.]
(0,1,2):-1=[0.]
(0,2,0):-1=[0.]
(0,2,1):-1=[0.]
(0,2,2):-1=[0.]
(0,3,0):-1=[0.]
(0,3,1):-1=[0.]
(0,3,2):-1=[0.]
(1,0,0):RECHARGE=[-2.75]
(1,0,1):DODGE=[-2.75]
(1,0,2):DODGE=[-2.43]
(1,1,0):RECHARGE=[-2.35]
(1,1,1):SHOOT=[2.375]
(1,1,2):SHOOT=[2.375]
(1,2,0):RECHARGE=[-2.35]
(1,2,1):SHOOT=[2.375]
(1,2,2):SHOOT=[2.625]
(1,3,0):RECHARGE=[-2.35]
(1,3,1):SHOOT=[2.375]
(1,3,2):SHOOT=[2.625]
(2,0,0):RECHARGE=[-2.75]
(2,0,1):RECHARGE=[-2.75]
(2,0,2):RECHARGE=[-2.75]
(2,1,0):RECHARGE=[-2.75]
(2,1,1):SHOOT=[-2.75]
(2,1,2):RECHARGE=[-2.75]
(2,2,0):RECHARGE=[-2.75]
(2,2,1):SHOOT=[-2.75]
(2,2,2):SHOOT=[-2.5]
(2,3,0):RECHARGE=[-2.75]
(2,3,1):SHOOT=[-2.75]
(2,3,2):SHOOT=[-2.5]
(3,0,0):RECHARGE=[-2.75]
(3,0,1):RECHARGE=[-2.75]
(3,0,2):RECHARGE=[-2.75]
(3,1,0):RECHARGE=[-2.75]
(3,1,1):SHOOT=[-2.75]
(3,1,2):RECHARGE=[-2.75]
(3,2,0):RECHARGE=[-2.75]
(3,2,1):SHOOT=[-2.75]
(3,2,2):RECHARGE=[-2.75]
(3,3,0):RECHARGE=[-2.75]
(3,3,1):DODGE=[-2.75]
(3,3,2):RECHARGE=[-2.75]
(4,0,0):RECHARGE=[-2.75]
(4,0,1):RECHARGE=[-2.75]
(4,0,2):RECHARGE=[-2.75]
(4,1,0):RECHARGE=[-2.75]
(4,1,1):SHOOT=[-2.75]
(4,1,2):RECHARGE=[-2.75]
(4,2,0):RECHARGE=[-2.75]
(4,2,1):SHOOT=[-2.75]
(4,2,2):RECHARGE=[-2.75]
(4,3,0):RECHARGE=[-2.75]
(4,3,1):DODGE=[-2.75]
(4,3,2):RECHARGE=[-2.75]


iteration=2
(0,0,0):-1=[0.]
(0,0,1):-1=[0.]
(0,0,2):-1=[0.]
(0,1,0):-1=[0.]
(0,1,1):-1=[0.]
(0,1,2):-1=[0.]
(0,2,0):-1=[0.]
(0,2,1):-1=[0.]
(0,2,2):-1=[0.]
(0,3,0):-1=[0.]
(0,3,1):-1=[0.]
(0,3,2):-1=[0.]
(1,0,0):RECHARGE=[-2.775]
(1,0,1):DODGE=[-2.743]
(1,0,2):DODGE=[-2.4406]
(1,1,0):RECHARGE=[-2.357]
(1,1,1):SHOOT=[2.3625]
(1,1,2):SHOOT=[2.3625]
(1,2,0):RECHARGE=[-2.357]
(1,2,1):SHOOT=[2.3825]
(1,2,2):SHOOT=[2.61875]
(1,3,0):RECHARGE=[-2.357]
(1,3,1):SHOOT=[2.3825]
(1,3,2):SHOOT=[2.61875]
(2,0,0):RECHARGE=[-2.775]
(2,0,1):RECHARGE=[-2.775]
(2,0,2):RECHARGE=[-2.775]
(2,1,0):RECHARGE=[-2.775]
(2,1,1):RECHARGE=[-2.775]
(2,1,2):SHOOT=[-2.775]
(2,2,0):RECHARGE=[-2.775]
(2,2,1):RECHARGE=[-2.755]
(2,2,2):SHOOT=[-2.51875]
(2,3,0):RECHARGE=[-2.775]
(2,3,1):RECHARGE=[-2.755]
(2,3,2):SHOOT=[-2.51875]
(3,0,0):RECHARGE=[-2.775]
(3,0,1):RECHARGE=[-2.775]
(3,0,2):RECHARGE=[-2.775]
(3,1,0):RECHARGE=[-2.775]
(3,1,1):RECHARGE=[-2.775]
(3,1,2):RECHARGE=[-2.775]
(3,2,0):RECHARGE=[-2.775]
(3,2,1):RECHARGE=[-2.775]
(3,2,2):RECHARGE=[-2.775]
(3,3,0):RECHARGE=[-2.775]
(3,3,1):RECHARGE=[-2.775]
(3,3,2):SHOOT=[-2.775]
(4,0,0):RECHARGE=[-2.775]
(4,0,1):RECHARGE=[-2.775]
(4,0,2):RECHARGE=[-2.775]
(4,1,0):RECHARGE=[-2.775]
(4,1,1):RECHARGE=[-2.775]
(4,1,2):RECHARGE=[-2.775]
(4,2,0):RECHARGE=[-2.775]
(4,2,1):RECHARGE=[-2.775]
(4,2,2):RECHARGE=[-2.775]
(4,3,0):RECHARGE=[-2.775]
(4,3,1):RECHARGE=[-2.775]
(4,3,2):RECHARGE=[-2.775]


iteration=3
(0,0,0):-1=[0.]
(0,0,1):-1=[0.]
(0,0,2):-1=[0.]
(0,1,0):-1=[0.]
(0,1,1):-1=[0.]
(0,1,2):-1=[0.]
(0,2,0):-1=[0.]
(0,2,1):-1=[0.]
(0,2,2):-1=[0.]
(0,3,0):-1=[0.]
(0,3,1):-1=[0.]
(0,3,2):-1=[0.]
(1,0,0):RECHARGE=[-2.77494]
(1,0,1):DODGE=[-2.74406]
(1,0,2):DODGE=[-2.4415]
(1,1,0):RECHARGE=[-2.35814]
(1,1,1):SHOOT=[2.36125]
(1,1,2):SHOOT=[2.36285]
(1,2,0):RECHARGE=[-2.35654]
(1,2,1):SHOOT=[2.38215]
(1,2,2):SHOOT=[2.618125]
(1,3,0):RECHARGE=[-2.35654]
(1,3,1):SHOOT=[2.38215]
(1,3,2):SHOOT=[2.619125]
(2,0,0):RECHARGE=[-2.7775]
(2,0,1):RECHARGE=[-2.7775]
(2,0,2):RECHARGE=[-2.7775]
(2,1,0):RECHARGE=[-2.7775]
(2,1,1):RECHARGE=[-2.7775]
(2,1,2):SHOOT=[-2.7759]
(2,2,0):RECHARGE=[-2.7759]
(2,2,1):RECHARGE=[-2.7566]
(2,2,2):SHOOT=[-2.520625]
(2,3,0):RECHARGE=[-2.7759]
(2,3,1):RECHARGE=[-2.7566]
(2,3,2):SHOOT=[-2.518625]
(3,0,0):RECHARGE=[-2.7775]
(3,0,1):RECHARGE=[-2.7775]
(3,0,2):RECHARGE=[-2.7775]
(3,1,0):RECHARGE=[-2.7775]
(3,1,1):RECHARGE=[-2.7775]
(3,1,2):RECHARGE=[-2.7775]
(3,2,0):RECHARGE=[-2.7775]
(3,2,1):RECHARGE=[-2.7775]
(3,2,2):RECHARGE=[-2.7775]
(3,3,0):RECHARGE=[-2.7775]
(3,3,1):RECHARGE=[-2.7775]
(3,3,2):SHOOT=[-2.7765]
(4,0,0):RECHARGE=[-2.7775]
(4,0,1):RECHARGE=[-2.7775]
(4,0,2):RECHARGE=[-2.7775]
(4,1,0):RECHARGE=[-2.7775]
(4,1,1):RECHARGE=[-2.7775]
(4,1,2):RECHARGE=[-2.7775]
(4,2,0):RECHARGE=[-2.7775]
(4,2,1):RECHARGE=[-2.7775]
(4,2,2):RECHARGE=[-2.7775]
(4,3,0):RECHARGE=[-2.7775]
(4,3,1):RECHARGE=[-2.7775]
(4,3,2):RECHARGE=[-2.7775]


iteration=4
(0,0,0):-1=[0.]
(0,0,1):-1=[0.]
(0,0,2):-1=[0.]
(0,1,0):-1=[0.]
(0,1,1):-1=[0.]
(0,1,2):-1=[0.]
(0,2,0):-1=[0.]
(0,2,1):-1=[0.]
(0,2,2):-1=[0.]
(0,3,0):-1=[0.]
(0,3,1):-1=[0.]
(0,3,2):-1=[0.]
(1,0,0):RECHARGE=[-2.7750236]
(1,0,1):DODGE=[-2.74415]
(1,0,2):DODGE=[-2.44161496]
(1,1,0):RECHARGE=[-2.3582628]
(1,1,1):SHOOT=[2.361253]
(1,1,2):SHOOT=[2.362797]
(1,2,0):RECHARGE=[-2.3565588]
(1,2,1):SHOOT=[2.382093]
(1,2,2):SHOOT=[2.6180625]
(1,3,0):RECHARGE=[-2.3565588]
(1,3,1):SHOOT=[2.382173]
(1,3,2):SHOOT=[2.6191075]
(2,0,0):RECHARGE=[-2.77775]
(2,0,1):RECHARGE=[-2.77775]
(2,0,2):DODGE=[-2.77775]
(2,1,0):RECHARGE=[-2.77775]
(2,1,1):RECHARGE=[-2.777622]
(2,1,2):SHOOT=[-2.776078]
(2,2,0):RECHARGE=[-2.776046]
(2,2,1):SHOOT=[-2.756782]
(2,2,2):SHOOT=[-2.5208125]
(2,3,0):RECHARGE=[-2.776046]
(2,3,1):RECHARGE=[-2.756622]
(2,3,2):SHOOT=[-2.5187225]
(3,0,0):RECHARGE=[-2.77775]
(3,0,1):RECHARGE=[-2.77775]
(3,0,2):RECHARGE=[-2.77775]
(3,1,0):RECHARGE=[-2.77775]
(3,1,1):RECHARGE=[-2.77775]
(3,1,2):RECHARGE=[-2.77775]
(3,2,0):RECHARGE=[-2.77775]
(3,2,1):RECHARGE=[-2.77775]
(3,2,2):SHOOT=[-2.77775]
(3,3,0):RECHARGE=[-2.77775]
(3,3,1):RECHARGE=[-2.77767]
(3,3,2):SHOOT=[-2.776705]
(4,0,0):RECHARGE=[-2.77775]
(4,0,1):RECHARGE=[-2.77775]
(4,0,2):RECHARGE=[-2.77775]
(4,1,0):RECHARGE=[-2.77775]
(4,1,1):RECHARGE=[-2.77775]
(4,1,2):RECHARGE=[-2.77775]
(4,2,0):RECHARGE=[-2.77775]
(4,2,1):RECHARGE=[-2.77775]
(4,2,2):RECHARGE=[-2.77775]
(4,3,0):RECHARGE=[-2.77775]
(4,3,1):RECHARGE=[-2.77775]
(4,3,2):RECHARGE=[-2.77775]


iteration=5
(0,0,0):-1=[0.]
(0,0,1):-1=[0.]
(0,0,2):-1=[0.]
(0,1,0):-1=[0.]
(0,1,1):-1=[0.]
(0,1,2):-1=[0.]
(0,2,0):-1=[0.]
(0,2,1):-1=[0.]
(0,2,2):-1=[0.]
(0,3,0):-1=[0.]
(0,3,1):-1=[0.]
(0,3,2):-1=[0.]
(1,0,0):RECHARGE=[-2.775032472]
(1,0,1):DODGE=[-2.744161496]
(1,0,2):DODGE=[-2.4416185072]
(1,1,0):RECHARGE=[-2.358265016]
(1,1,1):SHOOT=[2.36124882]
(1,1,2):SHOOT=[2.3627925]
(1,2,0):RECHARGE=[-2.356563736]
(1,2,1):SHOOT=[2.38208686]
(1,2,2):SHOOT=[2.61806265]
(1,3,0):RECHARGE=[-2.356557336]
(1,3,1):SHOOT=[2.38217206]
(1,3,2):SHOOT=[2.61910465]
(2,0,0):RECHARGE=[-2.777775]
(2,0,1):DODGE=[-2.777775]
(2,0,2):DODGE=[-2.777766808]
(2,1,0):RECHARGE=[-2.77776476]
(2,1,1):SHOOT=[-2.77763868]
(2,1,2):SHOOT=[-2.776095]
(2,2,0):RECHARGE=[-2.77606348]
(2,2,1):RECHARGE=[-2.75680064]
(2,2,2):SHOOT=[-2.52081845]
(2,3,0):RECHARGE=[-2.77605068]
(2,3,1):RECHARGE=[-2.75663024]
(2,3,2):SHOOT=[-2.51873445]
(3,0,0):RECHARGE=[-2.777775]
(3,0,1):RECHARGE=[-2.777775]
(3,0,2):RECHARGE=[-2.777775]
(3,1,0):RECHARGE=[-2.777775]
(3,1,1):RECHARGE=[-2.777775]
(3,1,2):RECHARGE=[-2.777775]
(3,2,0):RECHARGE=[-2.777775]
(3,2,1):RECHARGE=[-2.777775]
(3,2,2):SHOOT=[-2.7777686]
(3,3,0):RECHARGE=[-2.7777686]
(3,3,1):RECHARGE=[-2.7776898]
(3,3,2):SHOOT=[-2.7767266]
(4,0,0):RECHARGE=[-2.777775]
(4,0,1):RECHARGE=[-2.777775]
(4,0,2):RECHARGE=[-2.777775]
(4,1,0):RECHARGE=[-2.777775]
(4,1,1):RECHARGE=[-2.777775]
(4,1,2):RECHARGE=[-2.777775]
(4,2,0):RECHARGE=[-2.777775]
(4,2,1):RECHARGE=[-2.777775]
(4,2,2):RECHARGE=[-2.777775]
(4,3,0):RECHARGE=[-2.777775]
(4,3,1):RECHARGE=[-2.777775]
(4,3,2):RECHARGE=[-2.777775]


iteration=6
(0,0,0):-1=[0.]
(0,0,1):-1=[0.]
(0,0,2):-1=[0.]
(0,1,0):-1=[0.]
(0,1,1):-1=[0.]
(0,1,2):-1=[0.]
(0,2,0):-1=[0.]
(0,2,1):-1=[0.]
(0,2,2):-1=[0.]
(0,3,0):-1=[0.]
(0,3,1):-1=[0.]
(0,3,2):-1=[0.]
(1,0,0):RECHARGE=[-2.77503356912]
(1,0,1):DODGE=[-2.74416185072]
(1,0,2):DODGE=[-2.44161902961]
(1,1,0):RECHARGE=[-2.35826539472]
(1,1,1):SHOOT=[2.3612483764]
(1,1,2):SHOOT=[2.3627919252]
(1,2,0):RECHARGE=[-2.35656432592]
(1,2,1):SHOOT=[2.3820867492]
(1,2,2):SHOOT=[2.618062441]
(1,3,0):RECHARGE=[-2.35655738192]
(1,3,1):SHOOT=[2.3821718132]
(1,3,2):SHOOT=[2.619104343]
(2,0,0):RECHARGE=[-2.7777775]
(2,0,1):DODGE=[-2.7777766808]
(2,0,2):DODGE=[-2.77776861168]
(2,1,0):RECHARGE=[-2.7777663896]
(2,1,1):DODGE=[-2.7776403736]
(2,1,2):SHOOT=[-2.7760968248]
(2,2,0):RECHARGE=[-2.7760653208]
(2,2,1):RECHARGE=[-2.7568014888]
(2,2,2):SHOOT=[-2.520819493]
(2,3,0):RECHARGE=[-2.7760514328]
(2,3,1):RECHARGE=[-2.7566313608]
(2,3,2):SHOOT=[-2.518735689]
(3,0,0):RECHARGE=[-2.7777775]
(3,0,1):RECHARGE=[-2.7777775]
(3,0,2):RECHARGE=[-2.7777775]
(3,1,0):RECHARGE=[-2.7777775]
(3,1,1):SHOOT=[-2.7777775]
(3,1,2):SHOOT=[-2.7777775]
(3,2,0):RECHARGE=[-2.7777775]
(3,2,1):DODGE=[-2.777776988]
(3,2,2):SHOOT=[-2.777770684]
(3,3,0):RECHARGE=[-2.777770556]
(3,3,1):RECHARGE=[-2.777691924]
(3,3,2):SHOOT=[-2.776728782]
(4,0,0):RECHARGE=[-2.7777775]
(4,0,1):RECHARGE=[-2.7777775]
(4,0,2):RECHARGE=[-2.7777775]
(4,1,0):RECHARGE=[-2.7777775]
(4,1,1):SHOOT=[-2.7777775]
(4,1,2):RECHARGE=[-2.7777775]
(4,2,0):RECHARGE=[-2.7777775]
(4,2,1):SHOOT=[-2.7777775]
(4,2,2):RECHARGE=[-2.7777775]
(4,3,0):RECHARGE=[-2.7777775]
(4,3,1):DODGE=[-2.7777775]
(4,3,2):SHOOT=[-2.7777775]


iteration=7
(0,0,0):-1=[0.]
(0,0,1):-1=[0.]
(0,0,2):-1=[0.]
(0,1,0):-1=[0.]
(0,1,1):-1=[0.]
(0,1,2):-1=[0.]
(0,2,0):-1=[0.]
(0,2,1):-1=[0.]
(0,2,2):-1=[0.]
(0,3,0):-1=[0.]
(0,3,1):-1=[0.]
(0,3,2):-1=[0.]
(1,0,0):RECHARGE=[-2.77503361944]
(1,0,1):DODGE=[-2.74416190296]
(1,0,2):DODGE=[-2.44161907412]
(1,1,0):RECHARGE=[-2.35826543778]
(1,1,1):SHOOT=[2.36124832154]
(1,1,2):SHOOT=[2.36279190746]
(1,2,0):RECHARGE=[-2.35656434658]
(1,2,1):SHOOT=[2.38208673026]
(1,2,2):SHOOT=[2.61806241882]
(1,3,0):RECHARGE=[-2.35655740258]
(1,3,1):SHOOT=[2.3821717837]
(1,3,2):SHOOT=[2.61910433746]
(2,0,0):RECHARGE=[-2.77777768446]
(2,0,1):DODGE=[-2.77777686117]
(2,0,2):DODGE=[-2.77776878303]
(2,1,0):RECHARGE=[-2.77776655768]
(2,1,1):DODGE=[-2.77764055345]
(2,1,2):SHOOT=[-2.77609692658]
(2,2,0):RECHARGE=[-2.77606542552]
(2,2,1):RECHARGE=[-2.75680158922]
(2,2,2):SHOOT=[-2.52081959986]
(2,3,0):RECHARGE=[-2.77605153752]
(2,3,1):RECHARGE=[-2.75663148234]
(2,3,2):SHOOT=[-2.51873573698]
(3,0,0):RECHARGE=[-2.77777775]
(3,0,1):RECHARGE=[-2.77777775]
(3,0,2):DODGE=[-2.77777775]
(3,1,0):RECHARGE=[-2.77777775]
(3,1,1):RECHARGE=[-2.77777775]
(3,1,2):SHOOT=[-2.77777770904]
(3,2,0):RECHARGE=[-2.77777770904]
(3,2,1):RECHARGE=[-2.77777719448]
(3,2,2):SHOOT=[-2.77777089368]
(3,3,0):RECHARGE=[-2.77777076504]
(3,3,1):RECHARGE=[-2.77769214104]
(3,3,2):SHOOT=[-2.77672892384]
(4,0,0):RECHARGE=[-2.77777775]
(4,0,1):RECHARGE=[-2.77777775]
(4,0,2):DODGE=[-2.77777775]
(4,1,0):RECHARGE=[-2.77777775]
(4,1,1):RECHARGE=[-2.77777775]
(4,1,2):DODGE=[-2.77777775]
(4,2,0):RECHARGE=[-2.77777775]
(4,2,1):RECHARGE=[-2.77777775]
(4,2,2):DODGE=[-2.77777775]
(4,3,0):RECHARGE=[-2.77777775]
(4,3,1):RECHARGE=[-2.77777775]
(4,3,2):SHOOT=[-2.7777777244]


iteration=8
(0,0,0):-1=[0.]
(0,0,1):-1=[0.]
(0,0,2):-1=[0.]
(0,1,0):-1=[0.]
(0,1,1):-1=[0.]
(0,1,2):-1=[0.]
(0,2,0):-1=[0.]
(0,2,1):-1=[0.]
(0,2,2):-1=[0.]
(0,3,0):-1=[0.]
(0,3,1):-1=[0.]
(0,3,2):-1=[0.]
(1,0,0):RECHARGE=[-2.77503362463]
(1,0,1):DODGE=[-2.74416190741]
(1,0,2):DODGE=[-2.44161907935]
(1,1,0):RECHARGE=[-2.35826544304]
(1,1,1):SHOOT=[2.36124831903]
(1,1,2):SHOOT=[2.36279190485]
(1,2,0):RECHARGE=[-2.35656434851]
(1,2,1):SHOOT=[2.38208672811]
(1,2,2):SHOOT=[2.61806241608]
(1,3,0):RECHARGE=[-2.35655740535]
(1,3,1):SHOOT=[2.38217178267]
(1,3,2):SHOOT=[2.61910433651]
(2,0,0):RECHARGE=[-2.77777770258]
(2,0,1):DODGE=[-2.7777768783]
(2,0,2):DODGE=[-2.77776880086]
(2,1,0):RECHARGE=[-2.77776657543]
(2,1,1):RECHARGE=[-2.77764056519]
(2,1,2):SHOOT=[-2.77609693821]
(2,2,0):RECHARGE=[-2.77606543565]
(2,2,1):SHOOT=[-2.75680159977]
(2,2,2):SHOOT=[-2.52081961159]
(2,3,0):RECHARGE=[-2.77605154934]
(2,3,1):RECHARGE=[-2.75663148861]
(2,3,2):SHOOT=[-2.51873574295]
(3,0,0):RECHARGE=[-2.777777775]
(3,0,1):RECHARGE=[-2.777777775]
(3,0,2):DODGE=[-2.777777775]
(3,1,0):RECHARGE=[-2.777777775]
(3,1,1):RECHARGE=[-2.77777777172]
(3,1,2):SHOOT=[-2.77777773056]
(3,2,0):RECHARGE=[-2.77777772974]
(3,2,1):RECHARGE=[-2.77777721538]
(3,2,2):SHOOT=[-2.77777091517]
(3,3,0):RECHARGE=[-2.77777078658]
(3,3,1):RECHARGE=[-2.77769215673]
(3,3,2):SHOOT=[-2.77672893918]
(4,0,0):RECHARGE=[-2.777777775]
(4,0,1):RECHARGE=[-2.777777775]
(4,0,2):RECHARGE=[-2.777777775]
(4,1,0):RECHARGE=[-2.777777775]
(4,1,1):RECHARGE=[-2.777777775]
(4,1,2):RECHARGE=[-2.777777775]
(4,2,0):RECHARGE=[-2.777777775]
(4,2,1):RECHARGE=[-2.777777775]
(4,2,2):SHOOT=[-2.777777775]
(4,3,0):RECHARGE=[-2.777777775]
(4,3,1):RECHARGE=[-2.77777777295]
(4,3,2):SHOOT=[-2.77777774722]


iteration=9
(0,0,0):-1=[0.]
(0,0,1):-1=[0.]
(0,0,2):-1=[0.]
(0,1,0):-1=[0.]
(0,1,1):-1=[0.]
(0,1,2):-1=[0.]
(0,2,0):-1=[0.]
(0,2,1):-1=[0.]
(0,2,2):-1=[0.]
(0,3,0):-1=[0.]
(0,3,1):-1=[0.]
(0,3,2):-1=[0.]
(1,0,0):RECHARGE=[-2.77503362508]
(1,0,1):DODGE=[-2.74416190793]
(1,0,2):DODGE=[-2.44161907969]
(1,1,0):RECHARGE=[-2.35826544334]
(1,1,1):SHOOT=[2.36124831877]
(1,1,2):SHOOT=[2.36279190463]
(1,2,0):RECHARGE=[-2.35656434872]
(1,2,1):SHOOT=[2.38208672785]
(1,2,2):SHOOT=[2.61806241595]
(1,3,0):RECHARGE=[-2.3565574055]
(1,3,1):SHOOT=[2.38217178257]
(1,3,2):SHOOT=[2.61910433641]
(2,0,0):RECHARGE=[-2.77777770431]
(2,0,1):DODGE=[-2.77777688008]
(2,0,2):DODGE=[-2.77776880224]
(2,1,0):RECHARGE=[-2.77776657673]
(2,1,1):RECHARGE=[-2.77764056636]
(2,1,2):SHOOT=[-2.77609693929]
(2,2,0):RECHARGE=[-2.77606543669]
(2,2,1):RECHARGE=[-2.75680160092]
(2,2,2):SHOOT=[-2.52081961231]
(2,3,0):RECHARGE=[-2.77605155008]
(2,3,1):RECHARGE=[-2.75663148921]
(2,3,2):SHOOT=[-2.51873574358]
(3,0,0):RECHARGE=[-2.7777777775]
(3,0,1):RECHARGE=[-2.7777777775]
(3,0,2):DODGE=[-2.77777777729]
(3,1,0):RECHARGE=[-2.77777777724]
(3,1,1):RECHARGE=[-2.77777777387]
(3,1,2):SHOOT=[-2.77777773267]
(3,2,0):RECHARGE=[-2.77777773182]
(3,2,1):RECHARGE=[-2.77777721752]
(3,2,2):SHOOT=[-2.77777091685]
(3,3,0):RECHARGE=[-2.77777078827]
(3,3,1):SHOOT=[-2.77769215826]
(3,3,2):SHOOT=[-2.77672894076]
(4,0,0):RECHARGE=[-2.7777777775]
(4,0,1):RECHARGE=[-2.7777777775]
(4,0,2):RECHARGE=[-2.7777777775]
(4,1,0):RECHARGE=[-2.7777777775]
(4,1,1):RECHARGE=[-2.7777777775]
(4,1,2):RECHARGE=[-2.7777777775]
(4,2,0):RECHARGE=[-2.7777777775]
(4,2,1):RECHARGE=[-2.7777777775]
(4,2,2):SHOOT=[-2.77777777734]
(4,3,0):RECHARGE=[-2.77777777734]
(4,3,1):RECHARGE=[-2.77777777524]
(4,3,2):SHOOT=[-2.77777774952]


iteration=10
(0,0,0):-1=[0.]
(0,0,1):-1=[0.]
(0,0,2):-1=[0.]
(0,1,0):-1=[0.]
(0,1,1):-1=[0.]
(0,1,2):-1=[0.]
(0,2,0):-1=[0.]
(0,2,1):-1=[0.]
(0,2,2):-1=[0.]
(0,3,0):-1=[0.]
(0,3,1):-1=[0.]
(0,3,2):-1=[0.]
(1,0,0):RECHARGE=[-2.77503362513]
(1,0,1):DODGE=[-2.74416190797]
(1,0,2):DODGE=[-2.44161907972]
(1,1,0):RECHARGE=[-2.35826544337]
(1,1,1):SHOOT=[2.36124831875]
(1,1,2):SHOOT=[2.3627919046]
(1,2,0):RECHARGE=[-2.35656434874]
(1,2,1):SHOOT=[2.38208672783]
(1,2,2):SHOOT=[2.61806241594]
(1,3,0):RECHARGE=[-2.3565574055]
(1,3,1):SHOOT=[2.38217178256]
(1,3,2):SHOOT=[2.61910433639]
(2,0,0):RECHARGE=[-2.7777777045]
(2,0,1):DODGE=[-2.77777688023]
(2,0,2):DODGE=[-2.77776880238]
(2,1,0):RECHARGE=[-2.77776657684]
(2,1,1):RECHARGE=[-2.77764056647]
(2,1,2):SHOOT=[-2.7760969394]
(2,2,0):RECHARGE=[-2.7760654368]
(2,2,1):RECHARGE=[-2.756801601]
(2,2,2):SHOOT=[-2.52081961238]
(2,3,0):RECHARGE=[-2.77605155014]
(2,3,1):RECHARGE=[-2.75663148927]
(2,3,2):SHOOT=[-2.51873574366]
(3,0,0):RECHARGE=[-2.77777777775]
(3,0,1):RECHARGE=[-2.77777777773]
(3,0,2):DODGE=[-2.77777777752]
(3,1,0):RECHARGE=[-2.77777777745]
(3,1,1):RECHARGE=[-2.77777777409]
(3,1,2):SHOOT=[-2.77777773288]
(3,2,0):RECHARGE=[-2.77777773204]
(3,2,1):RECHARGE=[-2.7777772177]
(3,2,2):SHOOT=[-2.77777091701]
(3,3,0):RECHARGE=[-2.77777078843]
(3,3,1):RECHARGE=[-2.77769215842]
(3,3,2):SHOOT=[-2.77672894093]
(4,0,0):RECHARGE=[-2.77777777775]
(4,0,1):RECHARGE=[-2.77777777775]
(4,0,2):DODGE=[-2.77777777775]
(4,1,0):RECHARGE=[-2.77777777775]
(4,1,1):RECHARGE=[-2.77777777775]
(4,1,2):DODGE=[-2.77777777775]
(4,2,0):RECHARGE=[-2.77777777775]
(4,2,1):RECHARGE=[-2.77777777774]
(4,2,2):SHOOT=[-2.77777777757]
(4,3,0):RECHARGE=[-2.77777777757]
(4,3,1):RECHARGE=[-2.77777777546]
(4,3,2):SHOOT=[-2.77777774976]


iteration=11
(0,0,0):-1=[0.]
(0,0,1):-1=[0.]
(0,0,2):-1=[0.]
(0,1,0):-1=[0.]
(0,1,1):-1=[0.]
(0,1,2):-1=[0.]
(0,2,0):-1=[0.]
(0,2,1):-1=[0.]
(0,2,2):-1=[0.]
(0,3,0):-1=[0.]
(0,3,1):-1=[0.]
(0,3,2):-1=[0.]
(1,0,0):RECHARGE=[-2.77503362514]
(1,0,1):DODGE=[-2.74416190797]
(1,0,2):DODGE=[-2.44161907972]
(1,1,0):RECHARGE=[-2.35826544337]
(1,1,1):SHOOT=[2.36124831874]
(1,1,2):SHOOT=[2.3627919046]
(1,2,0):RECHARGE=[-2.35656434874]
(1,2,1):SHOOT=[2.38208672783]
(1,2,2):SHOOT=[2.61806241594]
(1,3,0):RECHARGE=[-2.35655740551]
(1,3,1):SHOOT=[2.38217178256]
(1,3,2):SHOOT=[2.61910433639]
(2,0,0):RECHARGE=[-2.77777770451]
(2,0,1):DODGE=[-2.77777688024]
(2,0,2):DODGE=[-2.77776880238]
(2,1,0):RECHARGE=[-2.77776657686]
(2,1,1):RECHARGE=[-2.77764056648]
(2,1,2):SHOOT=[-2.77609693941]
(2,2,0):RECHARGE=[-2.77606543682]
(2,2,1):RECHARGE=[-2.75680160101]
(2,2,2):SHOOT=[-2.52081961238]
(2,3,0):RECHARGE=[-2.77605155014]
(2,3,1):RECHARGE=[-2.75663148928]
(2,3,2):SHOOT=[-2.51873574366]
(3,0,0):RECHARGE=[-2.77777777778]
(3,0,1):RECHARGE=[-2.77777777775]
(3,0,2):DODGE=[-2.77777777753]
(3,1,0):RECHARGE=[-2.77777777748]
(3,1,1):RECHARGE=[-2.77777777411]
(3,1,2):SHOOT=[-2.7777777329]
(3,2,0):RECHARGE=[-2.77777773206]
(3,2,1):RECHARGE=[-2.77777721771]
(3,2,2):SHOOT=[-2.77777091702]
(3,3,0):RECHARGE=[-2.77777078844]
(3,3,1):RECHARGE=[-2.77769215844]
(3,3,2):SHOOT=[-2.77672894093]
(4,0,0):RECHARGE=[-2.77777777778]
(4,0,1):RECHARGE=[-2.77777777778]
(4,0,2):DODGE=[-2.77777777777]
(4,1,0):RECHARGE=[-2.77777777778]
(4,1,1):RECHARGE=[-2.77777777778]
(4,1,2):DODGE=[-2.77777777777]
(4,2,0):RECHARGE=[-2.77777777778]
(4,2,1):SHOOT=[-2.77777777776]
(4,2,2):SHOOT=[-2.77777777759]
(4,3,0):RECHARGE=[-2.77777777759]
(4,3,1):RECHARGE=[-2.77777777549]
(4,3,2):SHOOT=[-2.77777774977]


