iteration=0
(0,0,0):-1=[0.]
(0,0,1):-1=[0.]
(0,0,2):-1=[0.]
(0,1,0):-1=[0.]
(0,1,1):-1=[0.]
(0,1,2):-1=[0.]
(0,2,0):-1=[0.]
(0,2,1):-1=[0.]
(0,2,2):-1=[0.]
(0,3,0):-1=[0.]
(0,3,1):-1=[0.]
(0,3,2):-1=[0.]
(1,0,0):RECHARGE=[-2.5]
(1,0,1):RECHARGE=[-2.5]
(1,0,2):DODGE=[-2.5]
(1,1,0):RECHARGE=[-2.5]
(1,1,1):SHOOT=[2.5]
(1,1,2):SHOOT=[2.5]
(1,2,0):RECHARGE=[-2.5]
(1,2,1):SHOOT=[2.5]
(1,2,2):SHOOT=[2.5]
(1,3,0):RECHARGE=[-2.5]
(1,3,1):SHOOT=[2.5]
(1,3,2):SHOOT=[2.5]
(2,0,0):RECHARGE=[-2.5]
(2,0,1):RECHARGE=[-2.5]
(2,0,2):RECHARGE=[-2.5]
(2,1,0):RECHARGE=[-2.5]
(2,1,1):RECHARGE=[-2.5]
(2,1,2):RECHARGE=[-2.5]
(2,2,0):RECHARGE=[-2.5]
(2,2,1):RECHARGE=[-2.5]
(2,2,2):SHOOT=[-2.5]
(2,3,0):RECHARGE=[-2.5]
(2,3,1):RECHARGE=[-2.5]
(2,3,2):SHOOT=[-2.5]
(3,0,0):RECHARGE=[-2.5]
(3,0,1):RECHARGE=[-2.5]
(3,0,2):RECHARGE=[-2.5]
(3,1,0):RECHARGE=[-2.5]
(3,1,1):RECHARGE=[-2.5]
(3,1,2):RECHARGE=[-2.5]
(3,2,0):RECHARGE=[-2.5]
(3,2,1):RECHARGE=[-2.5]
(3,2,2):RECHARGE=[-2.5]
(3,3,0):RECHARGE=[-2.5]
(3,3,1):RECHARGE=[-2.5]
(3,3,2):RECHARGE=[-2.5]
(4,0,0):RECHARGE=[-2.5]
(4,0,1):RECHARGE=[-2.5]
(4,0,2):RECHARGE=[-2.5]
(4,1,0):RECHARGE=[-2.5]
(4,1,1):RECHARGE=[-2.5]
(4,1,2):RECHARGE=[-2.5]
(4,2,0):RECHARGE=[-2.5]
(4,2,1):RECHARGE=[-2.5]
(4,2,2):RECHARGE=[-2.5]
(4,3,0):RECHARGE=[-2.5]
(4,3,1):RECHARGE=[-2.5]
(4,3,2):RECHARGE=[-2.5]


iteration=1
(0,0,0):-1=[0.]
(0,0,1):-1=[0.]
(0,0,2):-1=[0.]
(0,1,0):-1=[0.]
(0,1,1):-1=[0.]
(0,1,2):-1=[0.]
(0,2,0):-1=[0.]
(0,2,1):-1=[0.]
(0,2,2):-1=[0.]
(0,3,0):-1=[0.]
(0,3,1):-1=[0.]
(0,3,2):-1=[0.]
(1,0,0):RECHARGE=[-2.75]
(1,0,1):DODGE=[-2.75]
(1,0,2):DODGE=[-2.43]
(1,1,0):RECHARGE=[-2.35]
(1,1,1):SHOOT=[2.375]
(1,1,2):SHOOT=[2.375]
(1,2,0):RECHARGE=[-2.35]
(1,2,1):SHOOT=[2.375]
(1,2,2):SHOOT=[2.625]
(1,3,0):RECHARGE=[-2.35]
(1,3,1):SHOOT=[2.375]
(1,3,2):SHOOT=[2.625]
(2,0,0):RECHARGE=[-2.75]
(2,0,1):RECHARGE=[-2.75]
(2,0,2):RECHARGE=[-2.75]
(2,1,0):RECHARGE=[-2.75]
(2,1,1):SHOOT=[-2.75]
(2,1,2):RECHARGE=[-2.75]
(2,2,0):RECHARGE=[-2.75]
(2,2,1):SHOOT=[-2.75]
(2,2,2):SHOOT=[-2.5]
(2,3,0):RECHARGE=[-2.75]
(2,3,1):SHOOT=[-2.75]
(2,3,2):SHOOT=[-2.5]
(3,0,0):RECHARGE=[-2.75]
(3,0,1):RECHARGE=[-2.75]
(3,0,2):RECHARGE=[-2.75]
(3,1,0):RECHARGE=[-2.75]
(3,1,1):SHOOT=[-2.75]
(3,1,2):RECHARGE=[-2.75]
(3,2,0):RECHARGE=[-2.75]
(3,2,1):SHOOT=[-2.75]
(3,2,2):RECHARGE=[-2.75]
(3,3,0):RECHARGE=[-2.75]
(3,3,1):DODGE=[-2.75]
(3,3,2):RECHARGE=[-2.75]
(4,0,0):RECHARGE=[-2.75]
(4,0,1):RECHARGE=[-2.75]
(4,0,2):RECHARGE=[-2.75]
(4,1,0):RECHARGE=[-2.75]
(4,1,1):SHOOT=[-2.75]
(4,1,2):RECHARGE=[-2.75]
(4,2,0):RECHARGE=[-2.75]
(4,2,1):SHOOT=[-2.75]
(4,2,2):RECHARGE=[-2.75]
(4,3,0):RECHARGE=[-2.75]
(4,3,1):DODGE=[-2.75]
(4,3,2):RECHARGE=[-2.75]


iteration=2
(0,0,0):-1=[0.]
(0,0,1):-1=[0.]
(0,0,2):-1=[0.]
(0,1,0):-1=[0.]
(0,1,1):-1=[0.]
(0,1,2):-1=[0.]
(0,2,0):-1=[0.]
(0,2,1):-1=[0.]
(0,2,2):-1=[0.]
(0,3,0):-1=[0.]
(0,3,1):-1=[0.]
(0,3,2):-1=[0.]
(1,0,0):RECHARGE=[-2.775]
(1,0,1):DODGE=[-2.743]
(1,0,2):DODGE=[-2.4406]
(1,1,0):RECHARGE=[-2.357]
(1,1,1):SHOOT=[2.3625]
(1,1,2):SHOOT=[2.3625]
(1,2,0):RECHARGE=[-2.357]
(1,2,1):SHOOT=[2.3825]
(1,2,2):SHOOT=[2.61875]
(1,3,0):RECHARGE=[-2.357]
(1,3,1):SHOOT=[2.3825]
(1,3,2):SHOOT=[2.61875]
(2,0,0):RECHARGE=[-2.775]
(2,0,1):RECHARGE=[-2.775]
(2,0,2):RECHARGE=[-2.775]
(2,1,0):RECHARGE=[-2.775]
(2,1,1):RECHARGE=[-2.775]
(2,1,2):SHOOT=[-2.775]
(2,2,0):RECHARGE=[-2.775]
(2,2,1):RECHARGE=[-2.755]
(2,2,2):SHOOT=[-2.51875]
(2,3,0):RECHARGE=[-2.775]
(2,3,1):RECHARGE=[-2.755]
(2,3,2):SHOOT=[-2.51875]
(3,0,0):RECHARGE=[-2.775]
(3,0,1):RECHARGE=[-2.775]
(3,0,2):RECHARGE=[-2.775]
(3,1,0):RECHARGE=[-2.775]
(3,1,1):RECHARGE=[-2.775]
(3,1,2):RECHARGE=[-2.775]
(3,2,0):RECHARGE=[-2.775]
(3,2,1):RECHARGE=[-2.775]
(3,2,2):RECHARGE=[-2.775]
(3,3,0):RECHARGE=[-2.775]
(3,3,1):RECHARGE=[-2.775]
(3,3,2):SHOOT=[-2.775]
(4,0,0):RECHARGE=[-2.775]
(4,0,1):RECHARGE=[-2.775]
(4,0,2):RECHARGE=[-2.775]
(4,1,0):RECHARGE=[-2.775]
(4,1,1):RECHARGE=[-2.775]
(4,1,2):RECHARGE=[-2.775]
(4,2,0):RECHARGE=[-2.775]
(4,2,1):RECHARGE=[-2.775]
(4,2,2):RECHARGE=[-2.775]
(4,3,0):RECHARGE=[-2.775]
(4,3,1):RECHARGE=[-2.775]
(4,3,2):RECHARGE=[-2.775]


iteration=3
(0,0,0):-1=[0.]
(0,0,1):-1=[0.]
(0,0,2):-1=[0.]
(0,1,0):-1=[0.]
(0,1,1):-1=[0.]
(0,1,2):-1=[0.]
(0,2,0):-1=[0.]
(0,2,1):-1=[0.]
(0,2,2):-1=[0.]
(0,3,0):-1=[0.]
(0,3,1):-1=[0.]
(0,3,2):-1=[0.]
(1,0,0):RECHARGE=[-2.77494]
(1,0,1):DODGE=[-2.74406]
(1,0,2):DODGE=[-2.4415]
(1,1,0):RECHARGE=[-2.35814]
(1,1,1):SHOOT=[2.36125]
(1,1,2):SHOOT=[2.36285]
(1,2,0):RECHARGE=[-2.35654]
(1,2,1):SHOOT=[2.38215]
(1,2,2):SHOOT=[2.618125]
(1,3,0):RECHARGE=[-2.35654]
(1,3,1):SHOOT=[2.38215]
(1,3,2):SHOOT=[2.619125]
(2,0,0):RECHARGE=[-2.7775]
(2,0,1):RECHARGE=[-2.7775]
(2,0,2):RECHARGE=[-2.7775]
(2,1,0):RECHARGE=[-2.7775]
(2,1,1):RECHARGE=[-2.7775]
(2,1,2):SHOOT=[-2.7759]
(2,2,0):RECHARGE=[-2.7759]
(2,2,1):RECHARGE=[-2.7566]
(2,2,2):SHOOT=[-2.520625]
(2,3,0):RECHARGE=[-2.7759]
(2,3,1):RECHARGE=[-2.7566]
(2,3,2):SHOOT=[-2.518625]
(3,0,0):RECHARGE=[-2.7775]
(3,0,1):RECHARGE=[-2.7775]
(3,0,2):RECHARGE=[-2.7775]
(3,1,0):RECHARGE=[-2.7775]
(3,1,1):RECHARGE=[-2.7775]
(3,1,2):RECHARGE=[-2.7775]
(3,2,0):RECHARGE=[-2.7775]
(3,2,1):RECHARGE=[-2.7775]
(3,2,2):RECHARGE=[-2.7775]
(3,3,0):RECHARGE=[-2.7775]
(3,3,1):RECHARGE=[-2.7775]
(3,3,2):SHOOT=[-2.7765]
(4,0,0):RECHARGE=[-2.7775]
(4,0,1):RECHARGE=[-2.7775]
(4,0,2):RECHARGE=[-2.7775]
(4,1,0):RECHARGE=[-2.7775]
(4,1,1):RECHARGE=[-2.7775]
(4,1,2):RECHARGE=[-2.7775]
(4,2,0):RECHARGE=[-2.7775]
(4,2,1):RECHARGE=[-2.7775]
(4,2,2):RECHARGE=[-2.7775]
(4,3,0):RECHARGE=[-2.7775]
(4,3,1):RECHARGE=[-2.7775]
(4,3,2):RECHARGE=[-2.7775]


iteration=4
(0,0,0):-1=[0.]
(0,0,1):-1=[0.]
(0,0,2):-1=[0.]
(0,1,0):-1=[0.]
(0,1,1):-1=[0.]
(0,1,2):-1=[0.]
(0,2,0):-1=[0.]
(0,2,1):-1=[0.]
(0,2,2):-1=[0.]
(0,3,0):-1=[0.]
(0,3,1):-1=[0.]
(0,3,2):-1=[0.]
(1,0,0):RECHARGE=[-2.7750236]
(1,0,1):DODGE=[-2.74415]
(1,0,2):DODGE=[-2.44161496]
(1,1,0):RECHARGE=[-2.3582628]
(1,1,1):SHOOT=[2.361253]
(1,1,2):SHOOT=[2.362797]
(1,2,0):RECHARGE=[-2.3565588]
(1,2,1):SHOOT=[2.382093]
(1,2,2):SHOOT=[2.6180625]
(1,3,0):RECHARGE=[-2.3565588]
(1,3,1):SHOOT=[2.382173]
(1,3,2):SHOOT=[2.6191075]
(2,0,0):RECHARGE=[-2.77775]
(2,0,1):RECHARGE=[-2.77775]
(2,0,2):DODGE=[-2.77775]
(2,1,0):RECHARGE=[-2.77775]
(2,1,1):RECHARGE=[-2.777622]
(2,1,2):SHOOT=[-2.776078]
(2,2,0):RECHARGE=[-2.776046]
(2,2,1):SHOOT=[-2.756782]
(2,2,2):SHOOT=[-2.5208125]
(2,3,0):RECHARGE=[-2.776046]
(2,3,1):RECHARGE=[-2.756622]
(2,3,2):SHOOT=[-2.5187225]
(3,0,0):RECHARGE=[-2.77775]
(3,0,1):RECHARGE=[-2.77775]
(3,0,2):RECHARGE=[-2.77775]
(3,1,0):RECHARGE=[-2.77775]
(3,1,1):RECHARGE=[-2.77775]
(3,1,2):RECHARGE=[-2.77775]
(3,2,0):RECHARGE=[-2.77775]
(3,2,1):RECHARGE=[-2.77775]
(3,2,2):SHOOT=[-2.77775]
(3,3,0):RECHARGE=[-2.77775]
(3,3,1):RECHARGE=[-2.77767]
(3,3,2):SHOOT=[-2.776705]
(4,0,0):RECHARGE=[-2.77775]
(4,0,1):RECHARGE=[-2.77775]
(4,0,2):RECHARGE=[-2.77775]
(4,1,0):RECHARGE=[-2.77775]
(4,1,1):RECHARGE=[-2.77775]
(4,1,2):RECHARGE=[-2.77775]
(4,2,0):RECHARGE=[-2.77775]
(4,2,1):RECHARGE=[-2.77775]
(4,2,2):RECHARGE=[-2.77775]
(4,3,0):RECHARGE=[-2.77775]
(4,3,1):RECHARGE=[-2.77775]
(4,3,2):RECHARGE=[-2.77775]


