iteration=0
(0,0,0):-1=[0.0]
(0,0,1):-1=[0.0]
(0,0,2):-1=[0.0]
(0,1,0):-1=[0.0]
(0,1,1):-1=[0.0]
(0,1,2):-1=[0.0]
(0,2,0):-1=[0.0]
(0,2,1):-1=[0.0]
(0,2,2):-1=[0.0]
(0,3,0):-1=[0.0]
(0,3,1):-1=[0.0]
(0,3,2):-1=[0.0]
(1,0,0):RECHARGE=[-2.5]
(1,0,1):RECHARGE=[-2.5]
(1,0,2):DODGE=[-2.5]
(1,1,0):RECHARGE=[-2.5]
(1,1,1):SHOOT=[2.5]
(1,1,2):SHOOT=[2.5]
(1,2,0):RECHARGE=[-2.5]
(1,2,1):SHOOT=[2.5]
(1,2,2):SHOOT=[2.5]
(1,3,0):RECHARGE=[-2.5]
(1,3,1):SHOOT=[2.5]
(1,3,2):SHOOT=[2.5]
(2,0,0):RECHARGE=[-2.5]
(2,0,1):RECHARGE=[-2.5]
(2,0,2):DODGE=[-2.5]
(2,1,0):RECHARGE=[-2.5]
(2,1,1):RECHARGE=[-2.5]
(2,1,2):DODGE=[-2.5]
(2,2,0):RECHARGE=[-2.5]
(2,2,1):RECHARGE=[-2.5]
(2,2,2):SHOOT=[-2.5]
(2,3,0):RECHARGE=[-2.5]
(2,3,1):RECHARGE=[-2.5]
(2,3,2):SHOOT=[-2.5]
(3,0,0):RECHARGE=[-2.5]
(3,0,1):RECHARGE=[-2.5]
(3,0,2):DODGE=[-2.5]
(3,1,0):RECHARGE=[-2.5]
(3,1,1):RECHARGE=[-2.5]
(3,1,2):DODGE=[-2.5]
(3,2,0):RECHARGE=[-2.5]
(3,2,1):RECHARGE=[-2.5]
(3,2,2):DODGE=[-2.5]
(3,3,0):RECHARGE=[-2.5]
(3,3,1):RECHARGE=[-2.5]
(3,3,2):DODGE=[-2.5]
(4,0,0):RECHARGE=[-2.5]
(4,0,1):RECHARGE=[-2.5]
(4,0,2):DODGE=[-2.5]
(4,1,0):RECHARGE=[-2.5]
(4,1,1):RECHARGE=[-2.5]
(4,1,2):DODGE=[-2.5]
(4,2,0):RECHARGE=[-2.5]
(4,2,1):RECHARGE=[-2.5]
(4,2,2):DODGE=[-2.5]
(4,3,0):RECHARGE=[-2.5]
(4,3,1):RECHARGE=[-2.5]
(4,3,2):DODGE=[-2.5]


iteration=1
(0,0,0):-1=[0.0]
(0,0,1):-1=[0.0]
(0,0,2):-1=[0.0]
(0,1,0):-1=[0.0]
(0,1,1):-1=[0.0]
(0,1,2):-1=[0.0]
(0,2,0):-1=[0.0]
(0,2,1):-1=[0.0]
(0,2,2):-1=[0.0]
(0,3,0):-1=[0.0]
(0,3,1):-1=[0.0]
(0,3,2):-1=[0.0]
(1,0,0):RECHARGE=[-2.75]
(1,0,1):DODGE=[-2.75]
(1,0,2):DODGE=[-2.43]
(1,1,0):RECHARGE=[-2.35]
(1,1,1):SHOOT=[2.375]
(1,1,2):SHOOT=[2.375]
(1,2,0):RECHARGE=[-2.35]
(1,2,1):SHOOT=[2.375]
(1,2,2):SHOOT=[2.625]
(1,3,0):RECHARGE=[-2.35]
(1,3,1):SHOOT=[2.375]
(1,3,2):SHOOT=[2.625]
(2,0,0):RECHARGE=[-2.75]
(2,0,1):RECHARGE=[-2.75]
(2,0,2):DODGE=[-2.75]
(2,1,0):RECHARGE=[-2.75]
(2,1,1):SHOOT=[-2.75]
(2,1,2):SHOOT=[-2.75]
(2,2,0):RECHARGE=[-2.75]
(2,2,1):SHOOT=[-2.75]
(2,2,2):SHOOT=[-2.5]
(2,3,0):RECHARGE=[-2.75]
(2,3,1):SHOOT=[-2.75]
(2,3,2):SHOOT=[-2.5]
(3,0,0):RECHARGE=[-2.75]
(3,0,1):RECHARGE=[-2.75]
(3,0,2):DODGE=[-2.75]
(3,1,0):RECHARGE=[-2.75]
(3,1,1):SHOOT=[-2.75]
(3,1,2):SHOOT=[-2.75]
(3,2,0):RECHARGE=[-2.75]
(3,2,1):SHOOT=[-2.75]
(3,2,2):SHOOT=[-2.75]
(3,3,0):RECHARGE=[-2.75]
(3,3,1):DODGE=[-2.75]
(3,3,2):SHOOT=[-2.75]
(4,0,0):RECHARGE=[-2.75]
(4,0,1):RECHARGE=[-2.75]
(4,0,2):DODGE=[-2.75]
(4,1,0):RECHARGE=[-2.75]
(4,1,1):SHOOT=[-2.75]
(4,1,2):SHOOT=[-2.75]
(4,2,0):RECHARGE=[-2.75]
(4,2,1):SHOOT=[-2.75]
(4,2,2):SHOOT=[-2.75]
(4,3,0):RECHARGE=[-2.75]
(4,3,1):DODGE=[-2.75]
(4,3,2):SHOOT=[-2.75]


iteration=2
(0,0,0):-1=[0.0]
(0,0,1):-1=[0.0]
(0,0,2):-1=[0.0]
(0,1,0):-1=[0.0]
(0,1,1):-1=[0.0]
(0,1,2):-1=[0.0]
(0,2,0):-1=[0.0]
(0,2,1):-1=[0.0]
(0,2,2):-1=[0.0]
(0,3,0):-1=[0.0]
(0,3,1):-1=[0.0]
(0,3,2):-1=[0.0]
(1,0,0):RECHARGE=[-2.775]
(1,0,1):DODGE=[-2.743]
(1,0,2):DODGE=[-2.441]
(1,1,0):RECHARGE=[-2.357]
(1,1,1):SHOOT=[2.362]
(1,1,2):SHOOT=[2.362]
(1,2,0):RECHARGE=[-2.357]
(1,2,1):SHOOT=[2.382]
(1,2,2):SHOOT=[2.619]
(1,3,0):RECHARGE=[-2.357]
(1,3,1):SHOOT=[2.382]
(1,3,2):SHOOT=[2.619]
(2,0,0):RECHARGE=[-2.775]
(2,0,1):RECHARGE=[-2.775]
(2,0,2):DODGE=[-2.775]
(2,1,0):RECHARGE=[-2.775]
(2,1,1):RECHARGE=[-2.775]
(2,1,2):SHOOT=[-2.775]
(2,2,0):RECHARGE=[-2.775]
(2,2,1):RECHARGE=[-2.755]
(2,2,2):SHOOT=[-2.519]
(2,3,0):RECHARGE=[-2.775]
(2,3,1):RECHARGE=[-2.755]
(2,3,2):SHOOT=[-2.519]
(3,0,0):RECHARGE=[-2.775]
(3,0,1):RECHARGE=[-2.775]
(3,0,2):DODGE=[-2.775]
(3,1,0):RECHARGE=[-2.775]
(3,1,1):RECHARGE=[-2.775]
(3,1,2):DODGE=[-2.775]
(3,2,0):RECHARGE=[-2.775]
(3,2,1):RECHARGE=[-2.775]
(3,2,2):DODGE=[-2.775]
(3,3,0):RECHARGE=[-2.775]
(3,3,1):RECHARGE=[-2.775]
(3,3,2):SHOOT=[-2.775]
(4,0,0):RECHARGE=[-2.775]
(4,0,1):RECHARGE=[-2.775]
(4,0,2):DODGE=[-2.775]
(4,1,0):RECHARGE=[-2.775]
(4,1,1):RECHARGE=[-2.775]
(4,1,2):DODGE=[-2.775]
(4,2,0):RECHARGE=[-2.775]
(4,2,1):RECHARGE=[-2.775]
(4,2,2):DODGE=[-2.775]
(4,3,0):RECHARGE=[-2.775]
(4,3,1):RECHARGE=[-2.775]
(4,3,2):DODGE=[-2.775]


iteration=3
(0,0,0):-1=[0.0]
(0,0,1):-1=[0.0]
(0,0,2):-1=[0.0]
(0,1,0):-1=[0.0]
(0,1,1):-1=[0.0]
(0,1,2):-1=[0.0]
(0,2,0):-1=[0.0]
(0,2,1):-1=[0.0]
(0,2,2):-1=[0.0]
(0,3,0):-1=[0.0]
(0,3,1):-1=[0.0]
(0,3,2):-1=[0.0]
(1,0,0):RECHARGE=[-2.775]
(1,0,1):DODGE=[-2.744]
(1,0,2):DODGE=[-2.442]
(1,1,0):RECHARGE=[-2.358]
(1,1,1):SHOOT=[2.361]
(1,1,2):SHOOT=[2.363]
(1,2,0):RECHARGE=[-2.357]
(1,2,1):SHOOT=[2.382]
(1,2,2):SHOOT=[2.618]
(1,3,0):RECHARGE=[-2.357]
(1,3,1):SHOOT=[2.382]
(1,3,2):SHOOT=[2.619]
(2,0,0):RECHARGE=[-2.778]
(2,0,1):RECHARGE=[-2.778]
(2,0,2):DODGE=[-2.778]
(2,1,0):RECHARGE=[-2.778]
(2,1,1):RECHARGE=[-2.778]
(2,1,2):SHOOT=[-2.776]
(2,2,0):RECHARGE=[-2.776]
(2,2,1):RECHARGE=[-2.757]
(2,2,2):SHOOT=[-2.521]
(2,3,0):RECHARGE=[-2.776]
(2,3,1):RECHARGE=[-2.757]
(2,3,2):SHOOT=[-2.519]
(3,0,0):RECHARGE=[-2.778]
(3,0,1):RECHARGE=[-2.778]
(3,0,2):DODGE=[-2.778]
(3,1,0):RECHARGE=[-2.778]
(3,1,1):RECHARGE=[-2.778]
(3,1,2):DODGE=[-2.778]
(3,2,0):RECHARGE=[-2.778]
(3,2,1):RECHARGE=[-2.778]
(3,2,2):DODGE=[-2.778]
(3,3,0):RECHARGE=[-2.778]
(3,3,1):RECHARGE=[-2.778]
(3,3,2):SHOOT=[-2.776]
(4,0,0):RECHARGE=[-2.778]
(4,0,1):RECHARGE=[-2.778]
(4,0,2):DODGE=[-2.778]
(4,1,0):RECHARGE=[-2.778]
(4,1,1):RECHARGE=[-2.778]
(4,1,2):DODGE=[-2.778]
(4,2,0):RECHARGE=[-2.778]
(4,2,1):RECHARGE=[-2.778]
(4,2,2):DODGE=[-2.778]
(4,3,0):RECHARGE=[-2.778]
(4,3,1):RECHARGE=[-2.778]
(4,3,2):DODGE=[-2.778]


iteration=4
(0,0,0):-1=[0.0]
(0,0,1):-1=[0.0]
(0,0,2):-1=[0.0]
(0,1,0):-1=[0.0]
(0,1,1):-1=[0.0]
(0,1,2):-1=[0.0]
(0,2,0):-1=[0.0]
(0,2,1):-1=[0.0]
(0,2,2):-1=[0.0]
(0,3,0):-1=[0.0]
(0,3,1):-1=[0.0]
(0,3,2):-1=[0.0]
(1,0,0):RECHARGE=[-2.775]
(1,0,1):DODGE=[-2.744]
(1,0,2):DODGE=[-2.442]
(1,1,0):RECHARGE=[-2.358]
(1,1,1):SHOOT=[2.361]
(1,1,2):SHOOT=[2.363]
(1,2,0):RECHARGE=[-2.357]
(1,2,1):SHOOT=[2.382]
(1,2,2):SHOOT=[2.618]
(1,3,0):RECHARGE=[-2.357]
(1,3,1):SHOOT=[2.382]
(1,3,2):SHOOT=[2.619]
(2,0,0):RECHARGE=[-2.778]
(2,0,1):RECHARGE=[-2.778]
(2,0,2):DODGE=[-2.778]
(2,1,0):RECHARGE=[-2.778]
(2,1,1):RECHARGE=[-2.778]
(2,1,2):SHOOT=[-2.776]
(2,2,0):RECHARGE=[-2.776]
(2,2,1):SHOOT=[-2.757]
(2,2,2):SHOOT=[-2.521]
(2,3,0):RECHARGE=[-2.776]
(2,3,1):RECHARGE=[-2.757]
(2,3,2):SHOOT=[-2.519]
(3,0,0):RECHARGE=[-2.778]
(3,0,1):RECHARGE=[-2.778]
(3,0,2):DODGE=[-2.778]
(3,1,0):RECHARGE=[-2.778]
(3,1,1):RECHARGE=[-2.778]
(3,1,2):DODGE=[-2.778]
(3,2,0):RECHARGE=[-2.778]
(3,2,1):RECHARGE=[-2.778]
(3,2,2):SHOOT=[-2.778]
(3,3,0):RECHARGE=[-2.778]
(3,3,1):RECHARGE=[-2.778]
(3,3,2):SHOOT=[-2.777]
(4,0,0):RECHARGE=[-2.778]
(4,0,1):RECHARGE=[-2.778]
(4,0,2):DODGE=[-2.778]
(4,1,0):RECHARGE=[-2.778]
(4,1,1):RECHARGE=[-2.778]
(4,1,2):DODGE=[-2.778]
(4,2,0):RECHARGE=[-2.778]
(4,2,1):RECHARGE=[-2.778]
(4,2,2):DODGE=[-2.778]
(4,3,0):RECHARGE=[-2.778]
(4,3,1):RECHARGE=[-2.778]
(4,3,2):DODGE=[-2.778]


